# a=4  C_2(a)=210  K(a)=48 ; columns: tau  j  c_{a+1} .. c_{a+4}  |Av_{a+1}| .. |Av_{a+4}|
1234 3 -8 45 -220 1001   103 513 2761 15767
1243 3 -8 45 -220 1001   103 513 2761 15767
1324 3 -8 45 -221 1039   103 513 2762 15793
1342 2 -8 46 -248 1507   103 512 2740 15485
1423 2 -8 46 -248 1507   103 512 2740 15485
1432 3 -8 45 -220 1001   103 513 2761 15767
2134 3 -8 45 -220 1001   103 513 2761 15767
2143 3 -8 45 -220 1001   103 513 2761 15767
2314 2 -8 46 -248 1507   103 512 2740 15485
2341 3 -8 45 -220 1001   103 513 2761 15767
2413 2 -8 46 -248 1507   103 512 2740 15485
2431 2 -8 46 -248 1507   103 512 2740 15485
3124 2 -8 46 -248 1507   103 512 2740 15485
3142 2 -8 46 -248 1507   103 512 2740 15485
3214 3 -8 45 -220 1001   103 513 2761 15767
3241 2 -8 46 -248 1507   103 512 2740 15485
3412 3 -8 45 -220 1001   103 513 2761 15767
3421 3 -8 45 -220 1001   103 513 2761 15767
4123 3 -8 45 -220 1001   103 513 2761 15767
4132 2 -8 46 -248 1507   103 512 2740 15485
4213 2 -8 46 -248 1507   103 512 2740 15485
4231 3 -8 45 -221 1039   103 513 2762 15793
4312 3 -8 45 -220 1001   103 513 2761 15767
4321 3 -8 45 -220 1001   103 513 2761 15767
