# a=5  C_2(a)=462  K(a)=70 ; columns: tau  j  c_{a+1} .. c_{a+4}  |Av_{a+1}| .. |Av_{a+4}|
12345 4 -10 66 -364 1820   694 4582 33324 261808
12354 4 -10 66 -364 1820   694 4582 33324 261808
12435 4 -10 66 -365 1856   694 4582 33325 261853
12453 3 -10 67 -390 2215   694 4581 33286 260927
12534 3 -10 67 -390 2215   694 4581 33286 260927
12543 4 -10 66 -364 1820   694 4582 33324 261808
13245 4 -10 66 -365 1856   694 4582 33325 261853
13254 4 -10 66 -365 1856   694 4582 33325 261853
13425 2 -10 68 -424 2934   694 4580 33256 260370
13452 3 -10 67 -387 2094   694 4581 33283 260805
13524 2 -10 68 -422 2857   694 4580 33254 260285
13542 2 -10 68 -420 2778   694 4580 33252 260202
14235 2 -10 68 -424 2934   694 4580 33256 260370
14253 2 -10 68 -422 2857   694 4580 33254 260285
14325 4 -10 66 -365 1846   694 4582 33325 261863
14352 2 -10 68 -420 2776   694 4580 33252 260204
14523 3 -10 67 -388 2133   694 4581 33284 260847
14532 3 -10 67 -389 2175   694 4581 33285 260886
15234 3 -10 67 -387 2094   694 4581 33283 260805
15243 2 -10 68 -420 2778   694 4580 33252 260202
15324 2 -10 68 -420 2776   694 4580 33252 260204
15342 3 -10 67 -391 2256   694 4581 33287 260967
15423 3 -10 67 -389 2175   694 4581 33285 260886
15432 4 -10 66 -364 1820   694 4582 33324 261808
21345 4 -10 66 -364 1820   694 4582 33324 261808
21354 4 -10 66 -364 1820   694 4582 33324 261808
21435 4 -10 66 -365 1856   694 4582 33325 261853
21453 3 -10 67 -390 2215   694 4581 33286 260927
21534 3 -10 67 -390 2215   694 4581 33286 260927
21543 4 -10 66 -364 1820   694 4582 33324 261808
23145 3 -10 67 -390 2215   694 4581 33286 260927
23154 3 -10 67 -390 2215   694 4581 33286 260927
23415 3 -10 67 -387 2094   694 4581 33283 260805
23451 4 -10 66 -364 1820   694 4582 33324 261808
23514 1 -10 69 -450 3335   694 4579 33218 259483
23541 3 -10 67 -389 2175   694 4581 33285 260886
24135 2 -10 68 -422 2857   694 4580 33254 260285
24153 1 -10 69 -448 3255   694 4579 33216 259401
24315 2 -10 68 -420 2776   694 4580 33252 260204
24351 3 -10 67 -391 2256   694 4581 33287 260967
24513 2 -10 68 -417 2645   694 4580 33249 260092
24531 2 -10 68 -420 2778   694 4580 33252 260202
25134 1 -10 69 -450 3335   694 4579 33218 259483
25143 2 -10 68 -417 2645   694 4580 33249 260092
25314 0 -10 70 -480 3899   694 4578 33184 258757
25341 2 -10 68 -420 2776   694 4580 33252 260204
25413 1 -10 69 -450 3335   694 4579 33218 259483
25431 3 -10 67 -387 2094   694 4581 33283 260805
31245 3 -10 67 -390 2215   694 4581 33286 260927
31254 3 -10 67 -390 2215   694 4581 33286 260927
31425 2 -10 68 -422 2857   694 4580 33254 260285
31452 1 -10 69 -450 3335   694 4579 33218 259483
31524 1 -10 69 -448 3255   694 4579 33216 259401
31542 2 -10 68 -417 2645   694 4580 33249 260092
32145 4 -10 66 -364 1820   694 4582 33324 261808
32154 4 -10 66 -364 1820   694 4582 33324 261808
32415 2 -10 68 -420 2778   694 4580 33252 260202
32451 3 -10 67 -389 2175   694 4581 33285 260886
32514 2 -10 68 -417 2645   694 4580 33249 260092
32541 3 -10 67 -388 2133   694 4581 33284 260847
34125 3 -10 67 -388 2133   694 4581 33284 260847
34152 2 -10 68 -417 2645   694 4580 33249 260092
34215 3 -10 67 -389 2175   694 4581 33285 260886
34251 2 -10 68 -420 2778   694 4580 33252 260202
34512 4 -10 66 -364 1820   694 4582 33324 261808
34521 4 -10 66 -364 1820   694 4582 33324 261808
35124 2 -10 68 -417 2645   694 4580 33249 260092
35142 1 -10 69 -448 3255   694 4579 33216 259401
35214 1 -10 69 -450 3335   694 4579 33218 259483
35241 2 -10 68 -422 2857   694 4580 33254 260285
35412 3 -10 67 -390 2215   694 4581 33286 260927
35421 3 -10 67 -390 2215   694 4581 33286 260927
41235 3 -10 67 -387 2094   694 4581 33283 260805
41253 1 -10 69 -450 3335   694 4579 33218 259483
41325 2 -10 68 -420 2776   694 4580 33252 260204
41352 0 -10 70 -480 3899   694 4578 33184 258757
41523 2 -10 68 -417 2645   694 4580 33249 260092
41532 1 -10 69 -450 3335   694 4579 33218 259483
42135 2 -10 68 -420 2778   694 4580 33252 260202
42153 2 -10 68 -417 2645   694 4580 33249 260092
42315 3 -10 67 -391 2256   694 4581 33287 260967
42351 2 -10 68 -420 2776   694 4580 33252 260204
42513 1 -10 69 -448 3255   694 4579 33216 259401
42531 2 -10 68 -422 2857   694 4580 33254 260285
43125 3 -10 67 -389 2175   694 4581 33285 260886
43152 1 -10 69 -450 3335   694 4579 33218 259483
43215 4 -10 66 -364 1820   694 4582 33324 261808
43251 3 -10 67 -387 2094   694 4581 33283 260805
43512 3 -10 67 -390 2215   694 4581 33286 260927
43521 3 -10 67 -390 2215   694 4581 33286 260927
45123 4 -10 66 -364 1820   694 4582 33324 261808
45132 3 -10 67 -390 2215   694 4581 33286 260927
45213 3 -10 67 -390 2215   694 4581 33286 260927
45231 4 -10 66 -365 1856   694 4582 33325 261853
45312 4 -10 66 -364 1820   694 4582 33324 261808
45321 4 -10 66 -364 1820   694 4582 33324 261808
51234 4 -10 66 -364 1820   694 4582 33324 261808
51243 3 -10 67 -389 2175   694 4581 33285 260886
51324 3 -10 67 -391 2256   694 4581 33287 260967
51342 2 -10 68 -420 2776   694 4580 33252 260204
51423 2 -10 68 -420 2778   694 4580 33252 260202
51432 3 -10 67 -387 2094   694 4581 33283 260805
52134 3 -10 67 -389 2175   694 4581 33285 260886
52143 3 -10 67 -388 2133   694 4581 33284 260847
52314 2 -10 68 -420 2776   694 4580 33252 260204
52341 4 -10 66 -365 1846   694 4582 33325 261863
52413 2 -10 68 -422 2857   694 4580 33254 260285
52431 2 -10 68 -424 2934   694 4580 33256 260370
53124 2 -10 68 -420 2778   694 4580 33252 260202
53142 2 -10 68 -422 2857   694 4580 33254 260285
53214 3 -10 67 -387 2094   694 4581 33283 260805
53241 2 -10 68 -424 2934   694 4580 33256 260370
53412 4 -10 66 -365 1856   694 4582 33325 261853
53421 4 -10 66 -365 1856   694 4582 33325 261853
54123 4 -10 66 -364 1820   694 4582 33324 261808
54132 3 -10 67 -390 2215   694 4581 33286 260927
54213 3 -10 67 -390 2215   694 4581 33286 260927
54231 4 -10 66 -365 1856   694 4582 33325 261853
54312 4 -10 66 -364 1820   694 4582 33324 261808
54321 4 -10 66 -364 1820   694 4582 33324 261808
