# The 21 pairs of Wilf classes of S_7 with equal |Av_n| for n <= 11, separated at n = 12 (W_7(11) = 574, W_7(12) = 595).
# Format: shared c_7..c_11 ; then for each class: representative c_12 class-size members
shared 1 -14 120 -817 4871
    1236547 c12=-26581 size=12 1236547 1432567 1432576 1432765 2136547 3216547 5672341 6752341 7456123 7456312 7456321 7652341
    1265437 c12=-26699 size=8 1265437 1543267 1543276 2165437 6723451 7345612 7345621 7623451
shared 1 -14 121 -846 5371
    1243675 c12=-33338 size=16 1243675 1243756 2143675 2143756 2315467 2315476 3125467 3125476 5763412 5763421 6573412 6573421 6745132 6745213 7645132 7645213
    1432675 c12=-33518 size=8 1432675 1432756 2316547 3126547 5762341 6572341 7456132 7456213
shared 1 -14 121 -840 5165
    1456723 c12=-29510 size=8 1456723 1672345 3276541 3456127 5432761 5612347 7216543 7432165
    1456732 c12=-29476 size=8 1456732 1762345 2376541 3456217 5432671 6512347 7126543 7432156
shared 1 -14 121 -839 5117
    1567342 c12=-28323 size=8 1567342 1756234 2437651 4326571 4562317 6451237 7132654 7321546
    1673452 c12=-28319 size=8 1673452 1745623 2543761 3265471 5623417 6345127 7143265 7215436
shared 1 -14 122 -870 5688
    1346572 c12=-36445 size=8 1346572 1723546 2435617 2756431 6132457 6453271 7165342 7542316
    1354672 c12=-36493 size=8 1354672 1724356 2354617 2764531 6124357 6534271 7164532 7534216
shared 1 -14 122 -868 5606
    1576342 c12=-34791 size=8 1576342 1756243 2436751 3426571 5462317 6452137 7132645 7312546
    1657342 c12=-34790 size=8 1657342 1756324 2437561 4236571 4652317 6451327 7132564 7231546
shared 1 -14 122 -868 5630
    1576423 c12=-36178 size=8 1576423 1675243 3246751 3425761 5463127 5642137 7213645 7312465
    2316574 c12=-36104 size=16 2316574 2317546 2431675 2431756 3126574 3127546 4132675 4132756 4756132 4756213 5761342 5762314 6457132 6457213 6571342 6572314
shared 1 -14 123 -904 6343
    1257463 c12=-45926 size=16 1257463 1275364 2157463 2175364 3647512 3647521 4253167 4253176 4635712 4635721 5241367 5241376 6713524 6731425 7613524 7631425
    1746532 c12=-45733 size=8 1746532 1763542 2356471 2453671 6435217 6532417 7125346 7142356
shared 1 -14 123 -900 6198
    1574623 c12=-42990 size=8 1574623 1674253 3264751 3524761 5364127 5624137 7214635 7314265
    1647523 c12=-42994 size=8 1647523 1673524 3257461 4253761 4635127 5631427 7215364 7241365
shared 1 -14 123 -899 6158
    1347562 c12=-41764 size=8 1347562 1723564 2657431 4235617 4653271 6231457 7165324 7541326
    1354627 c12=-42263 size=4 1354627 1624357 7264531 7534261
shared 1 -14 123 -899 6161
    1356742 c12=-42064 size=8 1356742 1726345 2476531 3452617 5436271 6412357 7162543 7532146
    1375642 c12=-42226 size=8 1375642 1726453 2465731 3546271 5342617 6423157 7162435 7513246
shared 1 -14 123 -899 6168
    1475623 c12=-42470 size=8 1475623 1672453 3265741 3542761 5346127 5623147 7216435 7413265
    1475632 c12=-42535 size=8 1475632 1762453 2365741 3542671 5346217 6523147 7126435 7413256
shared 1 -14 123 -883 5533
    2671435 c12=-28428 size=8 2671435 3275614 3547126 4165723 4723165 5341762 5613274 6217453
    3267145 c12=-28354 size=8 3267145 3471265 3672154 4376125 4512763 5216734 5417623 5621743
shared 1 -14 123 -883 5541
    2365714 c12=-28674 size=8 2365714 2761453 3541672 4175632 4713256 5347216 6127435 6523174
    2671354 c12=-28825 size=8 2671354 3267514 4157623 4357126 4531762 4731265 5621374 6217534
shared 1 -14 124 -928 6651
    1375462 c12=-48634 size=8 1375462 1725463 2645731 3645271 5243617 6243157 7163425 7513426
    1465372 c12=-48721 size=8 1465372 1752436 2546317 2735641 6153247 6342571 7136452 7423516
shared 1 -14 124 -916 6199
    2576314 c12=-39473 size=8 2576314 2731645 3427516 4136752 4752136 5461372 6157243 6312574
    2657314 c12=-39411 size=8 2657314 2731564 4137562 4237516 4651372 4751326 6157324 6231574
shared 1 -14 125 -962 7306
    1574362 c12=-57838 size=8 1574362 1754263 2634751 3624571 5264317 6254137 7134625 7314526
    1637542 c12=-57749 size=8 1637542 1736524 2457361 4256371 4632517 6431527 7152364 7251346
shared 1 -14 125 -959 7170
    1346275 c12=-54378 size=8 1346275 1523746 2415637 3162457 5726431 6473251 7365142 7542613
    1473625 c12=-54381 size=8 1473625 1642753 3572461 3625147 5263741 5316427 7246135 7415263
shared 1 -14 125 -957 7100
    1467253 c12=-52872 size=8 1467253 1572634 3527641 4362751 4526137 5361247 7316254 7421635
    1647325 c12=-53028 size=8 1647325 1653724 3651427 4273561 4615327 5237461 7235164 7241563
shared 1 -14 126 -988 7695
    2417536 c12=-62784 size=8 2417536 2531746 3162574 4136275 4752613 5726314 6357142 6471352
    2614753 c12=-62727 size=8 2614753 3174625 3574162 3624175 5264713 5314726 5714263 6274135
shared 1 -14 126 -984 7526
    2473516 c12=-58420 size=8 2473516 2735146 2746315 3752416 5136472 6142573 6153742 6415372
    2537416 c12=-58534 size=8 2537416 2741536 2753614 4163572 4725316 6135274 6147352 6351472
