123456 123465 123654 126543 165432 213456 213465 213654 216543 234561 321456 321465 321654 345612 345621 432156 432165 456123 456312 456321 543216 561234 564123 564312 564321 612345 651234 654123 654312 654321
123546 132456 132465 132654 213546 321546 456231 564231 645123 645312 645321 654231
123564 123645 213564 213645 231456 231465 231654 312456 312465 312654 321564 321645 456132 456213 465123 465312 465321 546123 546312 546321 564132 564213 654132 654213
124356 124365 214356 214365 563412 563421 653412 653421
124536 125346 134256 134265 142356 142365 214536 215346 562431 563241 635412 635421 643512 643521 652431 653241
124563 126345 214563 216345 234156 234165 365412 365421 412356 412365 543612 543621 561432 563214 651432 653214
124635 125364 214635 215364 241356 241365 314256 314265 463512 463521 536412 536421 562413 563142 652413 653142
124653 126354 214653 216354 324156 324165 356412 356421 421356 421365 453612 453621 561423 563124 651423 653124
125436 143256 143265 215436 562341 634512 634521 652341
125463 126435 215463 216435 243156 243165 364512 364521 413256 413265 534612 534621 561342 562314 651342 652314
125634 215634 341256 341265 436512 436521 562143 652143
125643 126534 215643 216534 342156 342165 346512 346521 431256 431265 435612 435621 561243 562134 651243 652134
126453 216453 354612 354621 423156 423165 561324 651324
132546 645231
132564 132645 231546 312546 465231 546231 645132 645213
134526 152346 625431 643251
134562 162345 234516 265431 512346 543261 615432 643215
134625 152364 251346 314526 463251 526431 625413 643152
134652 162354 256431 324516 453261 521346 615423 643125
135246 142536 635241 642531
135264 142635 241536 315246 462531 536241 635142 642513
135426 143526 152436 153246 624531 625341 634251 642351
135462 162435 243516 264531 513246 534261 615342 642315
135624 152634 341526 351246 426531 436251 625143 642153
135642 162534 246531 342516 435261 531246 615243 642135
136245 142563 235146 365241 412536 542631 635214 641532
136254 142653 325146 356241 421536 452631 635124 641523
136425 152463 253146 364251 413526 524631 625314 641352
136452 162453 254631 354261 423516 523146 615324 641325
136524 152643 346251 352146 425631 431526 625134 641253
136542 162543 245631 345261 432516 532146 615234 641235
143562 163245 235416 265341 512436 542361 614532 634215
143625 153264 251436 315426 462351 526341 624513 634152
143652 163254 256341 325416 452361 521436 614523 634125
145236 632541
145263 146235 245136 362541 415236 532641 631542 632514
145326 154236 623541 632451
145362 164235 245316 263541 514236 532461 613542 632415
145623 156234 326541 345126 432651 451236 621543 632154
145632 165234 236541 345216 432561 541236 612543 632145
146253 352641 425136 631524
146325 154263 254136 362451 415326 523641 623514 631452
146352 164253 253641 352461 425316 524136 613524 631425
146523 156243 325641 342651 435126 452136 621534 631254
146532 165243 235641 342561 435216 542136 612534 631245
153426 624351
153462 163425 253416 264351 513426 524361 614352 624315
153624 351426 426351 624153
153642 163524 246351 352416 425361 531426 614253 624135
154326 623451
154362 164325 254316 263451 514326 523461 613452 623415
154623 156324 326451 354126 423651 451326 621453 623154
154632 165324 236451 354216 423561 541326 612453 623145
156342 164523 243651 325461 452316 534126 613254 621435
156423 324651 453126 621354
156432 165423 234651 324561 453216 543126 612354 621345
163452 254361 523416 614325
163542 245361 532416 614235
164352 253461 524316 613425
164532 165342 235461 243561 534216 542316 612435 613245
231564 231645 312564 312645 465132 465213 546132 546213
234615 261345 265413 314562 463215 512364 516432 543162
235164 241563 316245 365142 412635 461532 536214 542613
235614 265143 341562 361245 416532 436215 512634 542163
236145 365214 412563 541632
236154 326145 356214 365124 412653 421563 451632 541623
236415 263145 265314 364215 413562 512463 514632 541362
236514 265134 346215 362145 415632 431562 512643 541263
241635 315264 462513 536142
241653 316254 325164 356142 421635 452613 461523 536124
243615 261435 264513 315462 462315 513264 516342 534162
245163 361542 416235 532614
245613 261543 316542 345162 432615 461235 516234 532164
246135 362514 415263 531642
246153 351642 352614 361524 416253 425163 426135 531624
246315 263514 264135 362415 415362 513642 514263 531462
246513 261534 315642 342615 435162 462135 516243 531264
251364 314625 463152 526413
251463 253164 316425 364152 413625 461352 524613 526314
251634 315624 341625 351264 426513 436152 462153 526143
251643 316524 346152 352164 425613 431625 461253 526134
253614 264153 351462 361425 416352 426315 513624 524163
254163 361452 416325 523614
254613 261453 316452 354162 423615 461325 516324 523164
256134 326514 346125 362154 415623 431652 451263 521643
256143 325614 341652 361254 416523 436125 452163 521634
256314 263154 326415 364125 413652 451362 514623 521463
256413 261354 314652 324615 453162 463125 516423 521364
263415 264315 513462 514362
326154 356124 421653 451623
351624 426153
