12345 12354 12543 15432 21345 21354 21543 23451 32145 32154 34512 34521 43215 45123 45312 45321 51234 54123 54312 54321
12435 13245 13254 21435 45231 53412 53421 54231
12453 12534 21453 21534 23145 23154 31245 31254 35412 35421 43512 43521 45132 45213 54132 54213
13425 14235 52431 53241
13452 15234 23415 25431 41235 43251 51432 53214
13524 14253 24135 31425 35241 42531 52413 53142
13542 15243 24531 32415 34251 42135 51423 53124
14325 52341
14352 15324 24315 25341 41325 42351 51342 52314
14523 32541 34125 52143
14532 15423 23541 32451 34215 43125 51243 52134
15342 24351 42315 51324
23514 25134 25413 31452 35214 41253 41532 43152
24153 31524 35142 42513
24513 25143 31542 32514 34152 35124 41523 42153
25314 41352
