123456
123546
123564
124356
124536
124563
124635
124653
125436
125463
125634
125643
126453
132546
132564
134526
134562
134625
134652
135246
135264
135426
135462
135624
135642
136245
136254
136425
136452
136524
136542
143562
143625
143652
145236
145263
145326
145362
145623
145632
146253
146325
146352
146523
146532
153426
153462
153624
153642
154326
154362
154623
154632
156342
156423
156432
163452
163542
164352
164532
231564
234615
235164
235614
236145
236154
236415
236514
241635
241653
243615
245163
245613
246135
246153
246315
246513
251364
251463
251634
251643
253614
254163
254613
256134
256143
256314
256413
263415
326154
351624
