1234567
1234657
1234675
1235467
1235647
1235674
1235746
1235764
1236547
1236574
1236745
1236754
1237564
1243657
1243675
1245367
1245637
1245673
1245736
1245763
1246357
1246375
1246537
1246573
1246735
1246753
1247356
1247365
1247536
1247563
1247635
1247653
1254367
1254637
1254673
1254736
1254763
1256347
1256374
1256437
1256473
1256734
1256743
1257364
1257436
1257463
1257634
1257643
1264537
1264573
1264735
1264753
1265437
1265473
1265734
1265743
1267453
1267534
1267543
1274563
1274653
1275463
1275643
1324657
1324675
1325647
1325674
1325746
1325764
1326547
1326574
1326745
1326754
1327564
1342675
1345627
1345672
1345726
1345762
1346257
1346275
1346527
1346572
1346725
1346752
1347256
1347265
1347526
1347562
1347625
1347652
1352647
1352674
1352746
1352764
1354627
1354672
1354726
1354762
1356247
1356274
1356427
1356472
1356724
1356742
1357246
1357264
1357426
1357462
1357624
1357642
1362475
1362547
1362574
1362745
1362754
1364257
1364275
1364527
1364572
1364725
1364752
1365247
1365274
1365427
1365472
1365724
1365742
1367245
1367254
1367425
1367452
1367524
1367542
1372456
1372465
1372546
1372564
1372645
1372654
1374256
1374265
1374526
1374562
1374625
1374652
1375246
1375264
1375426
1375462
1375624
1375642
1376245
1376254
1376425
1376452
1376524
1376542
1432675
1435672
1435726
1435762
1436275
1436527
1436572
1436725
1436752
1437256
1437265
1437526
1437562
1437625
1437652
1452673
1452736
1452763
1453672
1453726
1453762
1456237
1456273
1456327
1456372
1456723
1456732
1457236
1457263
1457326
1457362
1457623
1457632
1462537
1462573
1462735
1462753
1463275
1463527
1463572
1463725
1463752
1465237
1465273
1465327
1465372
1465723
1465732
1467235
1467253
1467325
1467352
1467523
1467532
1472563
1472653
1473256
1473265
1473526
1473562
1473625
1473652
1475236
1475263
1475326
1475362
1475623
1475632
1476235
1476253
1476325
1476352
1476523
1476532
1534672
1534726
1534762
1536274
1536472
1536724
1536742
1537264
1537426
1537462
1537624
1537642
1543672
1543726
1543762
1546273
1546372
1546723
1546732
1547236
1547263
1547326
1547362
1547623
1547632
1563427
1563472
1563724
1563742
1564237
1564273
1564327
1564372
1564723
1564732
1567234
1567243
1567324
1567342
1567423
1567432
1573426
1573462
1573624
1573642
1574263
1574326
1574362
1574623
1574632
1576243
1576324
1576342
1576423
1576432
1634527
1634572
1634725
1634752
1635427
1635472
1635724
1635742
1637452
1637524
1637542
1643572
1643725
1643752
1645327
1645372
1645723
1645732
1647325
1647352
1647523
1647532
1653472
1653742
1654327
1654372
1654723
1654732
1657324
1657342
1657423
1657432
1673452
1673542
1674352
1674523
1674532
1675342
1675423
1675432
1734562
1734652
1735462
1735642
1736542
1743562
1743652
1745362
1745632
1746352
1746532
1754362
1754632
1756342
1756432
1764532
2314675
2315674
2315746
2315764
2316574
2316745
2316754
2317564
2345716
2346175
2346715
2347156
2347165
2347516
2347615
2351674
2351746
2351764
2354716
2356174
2356714
2357146
2357164
2357416
2357614
2361475
2361574
2361745
2361754
2364175
2364715
2365174
2365714
2367145
2367154
2367415
2367514
2371465
2371546
2371564
2371645
2371654
2374156
2374165
2374516
2374615
2375146
2375164
2375416
2375614
2376145
2376154
2376415
2376514
2415736
2415763
2416375
2416573
2416735
2416753
2417365
2417536
2417563
2417635
2417653
2435716
2436715
2437165
2437516
2437615
2451736
2451763
2453716
2456173
2456713
2457136
2457163
2457316
2457613
2461375
2461573
2461735
2461753
2463175
2463715
2465173
2465713
2467135
2467153
2467315
2467513
2471365
2471536
2471563
2471635
2471653
2473165
2473516
2473615
2475136
2475163
2475316
2475613
2476135
2476153
2476315
2476513
2513764
2514736
2514763
2516734
2516743
2517364
2517436
2517463
2517634
2517643
2531764
2534716
2536714
2537164
2537416
2537614
2541763
2543716
2546713
2547136
2547163
2547316
2547613
2561374
2561473
2561734
2561743
2563714
2564173
2564713
2567134
2567143
2567314
2567413
2571364
2571463
2571634
2571643
2573164
2573416
2573614
2574136
2574163
2574316
2574613
2576134
2576143
2576314
2576413
2613475
2613574
2613745
2613754
2614375
2614573
2614735
2614753
2615374
2615473
2615734
2615743
2617345
2617354
2617435
2617453
2617534
2617543
2631574
2631745
2631754
2634715
2635174
2635714
2637145
2637154
2637415
2637514
2641735
2641753
2643715
2645173
2645713
2647135
2647153
2647315
2647513
2651374
2651473
2651734
2651743
2653714
2654173
2654713
2657134
2657143
2657314
2657413
2671345
2671354
2671435
2671453
2671534
2671543
2673145
2673154
2673415
2673514
2674135
2674153
2674315
2674513
2675134
2675143
2675314
2675413
2734516
2735416
3247165
3251764
3257164
3261745
3261754
3267145
3267154
3271564
3271645
3271654
3274165
3275164
3276145
3276154
3416725
3417625
3461725
3471625
3517264
3517624
3527164
3561724
3571264
3614725
3615724
3617524
3621754
3651724
