12345678
12345768
12345786
12346578
12346758
12346785
12346857
12346875
12347658
12347685
12347856
12347865
12348675
12354678
12354768
12354786
12356478
12356748
12356784
12356847
12356874
12357468
12357486
12357648
12357684
12357846
12357864
12358467
12358476
12358647
12358674
12358746
12358764
12365478
12365748
12365784
12365847
12365874
12367458
12367485
12367548
12367584
12367845
12367854
12368475
12368547
12368574
12368745
12368754
12375648
12375684
12375846
12375864
12376548
12376584
12376845
12376854
12378564
12378645
12378654
12385674
12385764
12386574
12386754
12435768
12435786
12436578
12436758
12436785
12436857
12436875
12437658
12437685
12437856
12437865
12438675
12453768
12453786
12456378
12456738
12456783
12456837
12456873
12457368
12457386
12457638
12457683
12457836
12457863
12458367
12458376
12458637
12458673
12458736
12458763
12463578
12463758
12463785
12463857
12463875
12465378
12465738
12465783
12465837
12465873
12467358
12467385
12467538
12467583
12467835
12467853
12468357
12468375
12468537
12468573
12468735
12468753
12473568
12473586
12473658
12473685
12473856
12473865
12475368
12475386
12475638
12475683
12475836
12475863
12476358
12476385
12476538
12476583
12476835
12476853
12478356
12478365
12478536
12478563
12478635
12478653
12483567
12483576
12483657
12483675
12483756
12483765
12485367
12485376
12485637
12485673
12485736
12485763
12486357
12486375
12486537
12486573
12486735
12486753
12487356
12487365
12487536
12487563
12487635
12487653
12543768
12543786
12546738
12546783
12546837
12546873
12547368
12547386
12547638
12547683
12547836
12547863
12548367
12548376
12548637
12548673
12548736
12548763
12563478
12563748
12563784
12563847
12563874
12564378
12564738
12564783
12564837
12564873
12567348
12567384
12567438
12567483
12567834
12567843
12568347
12568374
12568437
12568473
12568734
12568743
12573648
12573684
12573846
12573864
12574368
12574386
12574638
12574683
12574836
12574863
12576348
12576384
12576438
12576483
12576834
12576843
12578346
12578364
12578436
12578463
12578634
12578643
12583674
12583764
12584367
12584376
12584637
12584673
12584736
12584763
12586347
12586374
12586437
12586473
12586734
12586743
12587346
12587364
12587436
12587463
12587634
12587643
12645378
12645738
12645783
12645837
12645873
12647358
12647385
12647538
12647583
12647835
12647853
12648375
12648537
12648573
12648735
12648753
12654378
12654738
12654783
12654837
12654873
12657348
12657384
12657438
12657483
12657834
12657843
12658347
12658374
12658437
12658473
12658734
12658743
12674538
12674583
12674835
12674853
12675348
12675384
12675438
12675483
12675834
12675843
12678345
12678354
12678435
12678453
12678534
12678543
12684537
12684573
12684735
12684753
12685374
12685437
12685473
12685734
12685743
12687354
12687435
12687453
12687534
12687543
12745638
12745683
12745836
12745863
12746538
12746583
12746835
12746853
12748563
12748635
12748653
12754638
12754683
12754836
12754863
12756438
12756483
12756834
12756843
12758436
12758463
12758634
12758643
12764583
12764853
12765438
12765483
12765834
12765843
12768435
12768453
12768534
12768543
12784563
12784653
12785463
12785634
12785643
12786453
12786534
12786543
12845673
12845763
12846573
12846753
12847653
12854673
12854763
12856473
12856743
12857463
12857643
12865473
12865743
12867453
12867543
12875643
13245768
13245786
13246758
13246785
13246857
13246875
13247658
13247685
13247856
13247865
13248675
13254768
13254786
13256748
13256784
13256847
13256874
13257468
13257486
13257648
13257684
13257846
13257864
13258467
13258476
13258647
13258674
13258746
13258764
13265748
13265784
13265847
13265874
13267458
13267485
13267548
13267584
13267845
13267854
13268475
13268547
13268574
13268745
13268754
13275648
13275684
13275846
13275864
13276548
13276584
13276845
13276854
13278564
13278645
13278654
13285674
13285764
13286574
13286754
13425786
13426758
13426785
13426857
13426875
13427568
13427586
13427658
13427685
13427856
13427865
13428567
13428576
13428657
13428675
13428756
13452786
13456728
13456782
13456827
13456872
13457268
13457286
13457628
13457682
13457826
13457862
13458267
13458276
13458627
13458672
13458726
13458762
13462758
13462785
13462857
13462875
13465728
13465782
13465827
13465872
13467258
13467285
13467528
13467582
13467825
13467852
13468257
13468275
13468527
13468572
13468725
13468752
13472568
13472586
13472658
13472685
13472856
13472865
13475268
13475286
13475628
13475682
13475826
13475862
13476258
13476285
13476528
13476582
13476825
13476852
13478256
13478265
13478526
13478562
13478625
13478652
13482567
13482576
13482657
13482675
13482756
13482765
13485267
13485276
13485627
13485672
13485726
13485762
13486257
13486275
13486527
13486572
13486725
13486752
13487256
13487265
13487526
13487562
13487625
13487652
13524786
13526784
13526847
13526874
13527468
13527486
13527648
13527684
13527846
13527864
13528467
13528476
13528647
13528674
13528746
13528764
13542786
13546782
13546827
13546872
13547268
13547286
13547628
13547682
13547826
13547862
13548267
13548276
13548627
13548672
13548726
13548762
13562748
13562784
13562847
13562874
13564728
13564782
13564827
13564872
13567248
13567284
13567428
13567482
13567824
13567842
13568247
13568274
13568427
13568472
13568724
13568742
13572468
13572486
13572648
13572684
13572846
13572864
13574268
13574286
13574628
13574682
13574826
13574862
13576248
13576284
13576428
13576482
13576824
13576842
13578246
13578264
13578426
13578462
13578624
13578642
13582467
13582476
13582647
13582674
13582746
13582764
13584267
13584276
13584627
13584672
13584726
13584762
13586247
13586274
13586427
13586472
13586724
13586742
13587246
13587264
13587426
13587462
13587624
13587642
13624758
13624785
13624857
13624875
13625748
13625784
13625847
13625874
13627458
13627485
13627548
13627584
13627845
13627854
13628457
13628475
13628547
13628574
13628745
13628754
13642785
13642857
13642875
13645728
13645782
13645827
13645872
13647258
13647285
13647528
13647582
13647825
13647852
13648257
13648275
13648527
13648572
13648725
13648752
13652748
13652784
13652847
13652874
13654728
13654782
13654827
13654872
13657248
13657284
13657428
13657482
13657824
13657842
13658247
13658274
13658427
13658472
13658724
13658742
13672458
13672485
13672548
13672584
13672845
13672854
13674258
13674285
13674528
13674582
13674825
13674852
13675248
13675284
13675428
13675482
13675824
13675842
13678245
13678254
13678425
13678452
13678524
13678542
13682457
13682475
13682547
13682574
13682745
13682754
13684257
13684275
13684527
13684572
13684725
13684752
13685247
13685274
13685427
13685472
13685724
13685742
13687245
13687254
13687425
13687452
13687524
13687542
13724586
13724658
13724685
13724856
13724865
13725486
13725648
13725684
13725846
13725864
13726458
13726485
13726548
13726584
13726845
13726854
13728456
13728465
13728546
13728564
13728645
13728654
13742586
13742658
13742685
13742856
13742865
13745268
13745286
13745628
13745682
13745826
13745862
13746258
13746285
13746528
13746582
13746825
13746852
13748256
13748265
13748526
13748562
13748625
13748652
13752486
13752648
13752684
13752846
13752864
13754268
13754286
13754628
13754682
13754826
13754862
13756248
13756284
13756428
13756482
13756824
13756842
13758246
13758264
13758426
13758462
13758624
13758642
13762458
13762485
13762548
13762584
13762845
13762854
13764258
13764285
13764528
13764582
13764825
13764852
13765248
13765284
13765428
13765482
13765824
13765842
13768245
13768254
13768425
13768452
13768524
13768542
13782456
13782465
13782546
13782564
13782645
13782654
13784256
13784265
13784526
13784562
13784625
13784652
13785246
13785264
13785426
13785462
13785624
13785642
13786245
13786254
13786425
13786452
13786524
13786542
13824567
13824576
13824657
13824675
13824756
13824765
13825467
13825476
13825647
13825674
13825746
13825764
13826457
13826475
13826547
13826574
13826745
13826754
13827456
13827465
13827546
13827564
13827645
13827654
13842567
13842576
13842657
13842675
13842756
13842765
13845267
13845276
13845627
13845672
13845726
13845762
13846257
13846275
13846527
13846572
13846725
13846752
13847256
13847265
13847526
13847562
13847625
13847652
13852467
13852476
13852647
13852674
13852746
13852764
13854267
13854276
13854627
13854672
13854726
13854762
13856247
13856274
13856427
13856472
13856724
13856742
13857246
13857264
13857426
13857462
13857624
13857642
13862457
13862475
13862547
13862574
13862745
13862754
13864257
13864275
13864527
13864572
13864725
13864752
13865247
13865274
13865427
13865472
13865724
13865742
13867245
13867254
13867425
13867452
13867524
13867542
13872456
13872465
13872546
13872564
13872645
13872654
13874256
13874265
13874526
13874562
13874625
13874652
13875246
13875264
13875426
13875462
13875624
13875642
13876245
13876254
13876425
13876452
13876524
13876542
14325786
14326785
14326857
14326875
14327658
14327685
14327856
14327865
14328675
14352786
14356782
14356827
14356872
14357286
14357628
14357682
14357826
14357862
14358267
14358276
14358627
14358672
14358726
14358762
14362785
14362857
14362875
14365782
14365827
14365872
14367258
14367285
14367528
14367582
14367825
14367852
14368257
14368275
14368527
14368572
14368725
14368752
14372586
14372658
14372685
14372856
14372865
14375286
14375628
14375682
14375826
14375862
14376258
14376285
14376528
14376582
14376825
14376852
14378256
14378265
14378526
14378562
14378625
14378652
14382567
14382576
14382657
14382675
14382756
14382765
14385267
14385276
14385627
14385672
14385726
14385762
14386257
14386275
14386527
14386572
14386725
14386752
14387256
14387265
14387526
14387562
14387625
14387652
14523786
14526783
14526837
14526873
14527386
14527683
14527836
14527863
14528367
14528376
14528637
14528673
14528736
14528763
14532786
14536782
14536827
14536872
14537286
14537682
14537826
14537862
14538267
14538276
14538627
14538672
14538726
14538762
14562783
14562837
14562873
14563782
14563827
14563872
14567238
14567283
14567328
14567382
14567823
14567832
14568237
14568273
14568327
14568372
14568723
14568732
14572386
14572638
14572683
14572836
14572863
14573286
14573628
14573682
14573826
14573862
14576238
14576283
14576328
14576382
14576823
14576832
14578236
14578263
14578326
14578362
14578623
14578632
14582367
14582376
14582637
14582673
14582736
14582763
14583267
14583276
14583627
14583672
14583726
14583762
14586237
14586273
14586327
14586372
14586723
14586732
14587236
14587263
14587326
14587362
14587623
14587632
14625783
14625837
14625873
14627358
14627385
14627538
14627583
14627835
14627853
14628375
14628537
14628573
14628735
14628753
14632785
14632857
14632875
14635782
14635827
14635872
14637285
14637528
14637582
14637825
14637852
14638257
14638275
14638527
14638572
14638725
14638752
14652783
14652837
14652873
14653782
14653827
14653872
14657238
14657283
14657328
14657382
14657823
14657832
14658237
14658273
14658327
14658372
14658723
14658732
14672358
14672385
14672538
14672583
14672835
14672853
14673258
14673285
14673528
14673582
14673825
14673852
14675238
14675283
14675328
14675382
14675823
14675832
14678235
14678253
14678325
14678352
14678523
14678532
14682357
14682375
14682537
14682573
14682735
14682753
14683257
14683275
14683527
14683572
14683725
14683752
14685237
14685273
14685327
14685372
14685723
14685732
14687235
14687253
14687325
14687352
14687523
14687532
14725638
14725683
14725836
14725863
14726538
14726583
14726835
14726853
14728563
14728635
14728653
14732586
14732685
14732856
14732865
14735286
14735628
14735682
14735826
14735862
14736258
14736285
14736528
14736582
14736825
14736852
14738256
14738265
14738526
14738562
14738625
14738652
14752386
14752638
14752683
14752836
14752863
14753286
14753628
14753682
14753826
14753862
14756238
14756283
14756328
14756382
14756823
14756832
14758236
14758263
14758326
14758362
14758623
14758632
14762385
14762538
14762583
14762835
14762853
14763258
14763285
14763528
14763582
14763825
14763852
14765238
14765283
14765328
14765382
14765823
14765832
14768235
14768253
14768325
14768352
14768523
14768532
14782356
14782365
14782536
14782563
14782635
14782653
14783256
14783265
14783526
14783562
14783625
14783652
14785236
14785263
14785326
14785362
14785623
14785632
14786235
14786253
14786325
14786352
14786523
14786532
14825673
14825763
14826573
14826753
14827653
14832567
14832576
14832657
14832675
14832756
14832765
14835267
14835276
14835627
14835672
14835726
14835762
14836257
14836275
14836527
14836572
14836725
14836752
14837256
14837265
14837526
14837562
14837625
14837652
14852367
14852376
14852637
14852673
14852736
14852763
14853267
14853276
14853627
14853672
14853726
14853762
14856237
14856273
14856327
14856372
14856723
14856732
14857236
14857263
14857326
14857362
14857623
14857632
14862357
14862375
14862537
14862573
14862735
14862753
14863257
14863275
14863527
14863572
14863725
14863752
14865237
14865273
14865327
14865372
14865723
14865732
14867235
14867253
14867325
14867352
14867523
14867532
14872356
14872365
14872536
14872563
14872635
14872653
14873256
14873265
14873526
14873562
14873625
14873652
14875236
14875263
14875326
14875362
14875623
14875632
14876235
14876253
14876325
14876352
14876523
14876532
15342786
15346782
15346827
15346872
15347286
15347682
15347826
15347862
15348267
15348276
15348627
15348672
15348726
15348762
15362784
15362847
15362874
15364782
15364827
15364872
15367284
15367482
15367824
15367842
15368247
15368274
15368427
15368472
15368724
15368742
15372648
15372684
15372846
15372864
15374286
15374628
15374682
15374826
15374862
15376248
15376284
15376428
15376482
15376824
15376842
15378246
15378264
15378426
15378462
15378624
15378642
15382674
15382764
15384267
15384276
15384627
15384672
15384726
15384762
15386247
15386274
15386427
15386472
15386724
15386742
15387246
15387264
15387426
15387462
15387624
15387642
15432786
15436782
15436827
15436872
15437286
15437682
15437826
15437862
15438267
15438276
15438627
15438672
15438726
15438762
15462783
15462837
15462873
15463782
15463827
15463872
15467283
15467382
15467823
15467832
15468237
15468273
15468327
15468372
15468723
15468732
15472386
15472683
15472836
15472863
15473286
15473682
15473826
15473862
15476238
15476283
15476328
15476382
15476823
15476832
15478236
15478263
15478326
15478362
15478623
15478632
15482367
15482376
15482637
15482673
15482736
15482763
15483267
15483276
15483627
15483672
15483726
15483762
15486237
15486273
15486327
15486372
15486723
15486732
15487236
15487263
15487326
15487362
15487623
15487632
15634782
15634827
15634872
15637284
15637482
15637824
15637842
15638247
15638274
15638427
15638472
15638724
15638742
15642783
15642837
15642873
15643782
15643827
15643872
15647283
15647382
15647823
15647832
15648237
15648273
15648327
15648372
15648723
15648732
15672348
15672384
15672438
15672483
15672834
15672843
15673284
15673428
15673482
15673824
15673842
15674238
15674283
15674328
15674382
15674823
15674832
15678234
15678243
15678324
15678342
15678423
15678432
15682374
15682437
15682473
15682734
15682743
15683247
15683274
15683427
15683472
15683724
15683742
15684237
15684273
15684327
15684372
15684723
15684732
15687234
15687243
15687324
15687342
15687423
15687432
15734286
15734628
15734682
15734826
15734862
15736248
15736284
15736428
15736482
15736824
15736842
15738246
15738264
15738426
15738462
15738624
15738642
15742638
15742683
15742836
15742863
15743286
15743628
15743682
15743826
15743862
15746238
15746283
15746328
15746382
15746823
15746832
15748236
15748263
15748326
15748362
15748623
15748632
15762438
15762483
15762834
15762843
15763248
15763284
15763428
15763482
15763824
15763842
15764238
15764283
15764328
15764382
15764823
15764832
15768234
15768243
15768324
15768342
15768423
15768432
15782463
15782634
15782643
15783246
15783264
15783426
15783462
15783624
15783642
15784236
15784263
15784326
15784362
15784623
15784632
15786234
15786243
15786324
15786342
15786423
15786432
15834267
15834276
15834627
15834672
15834726
15834762
15836247
15836274
15836427
15836472
15836724
15836742
15837246
15837264
15837426
15837462
15837624
15837642
15842673
15842763
15843267
15843276
15843627
15843672
15843726
15843762
15846237
15846273
15846327
15846372
15846723
15846732
15847236
15847263
15847326
15847362
15847623
15847632
15862473
15862743
15863247
15863274
15863427
15863472
15863724
15863742
15864237
15864273
15864327
15864372
15864723
15864732
15867234
15867243
15867324
15867342
15867423
15867432
15872643
15873246
15873264
15873426
15873462
15873624
15873642
15874236
15874263
15874326
15874362
15874623
15874632
15876234
15876243
15876324
15876342
15876423
15876432
16345782
16345827
16345872
16347285
16347582
16347825
16347852
16348275
16348527
16348572
16348725
16348752
16354782
16354827
16354872
16357284
16357482
16357824
16357842
16358247
16358274
16358427
16358472
16358724
16358742
16374582
16374825
16374852
16375284
16375482
16375824
16375842
16378245
16378254
16378425
16378452
16378524
16378542
16384527
16384572
16384725
16384752
16385274
16385427
16385472
16385724
16385742
16387254
16387425
16387452
16387524
16387542
16435782
16435827
16435872
16437285
16437582
16437825
16437852
16438275
16438527
16438572
16438725
16438752
16453782
16453827
16453872
16457283
16457382
16457823
16457832
16458237
16458273
16458327
16458372
16458723
16458732
16473285
16473582
16473825
16473852
16475283
16475382
16475823
16475832
16478235
16478253
16478325
16478352
16478523
16478532
16483257
16483275
16483527
16483572
16483725
16483752
16485237
16485273
16485327
16485372
16485723
16485732
16487235
16487253
16487325
16487352
16487523
16487532
16534782
16534827
16534872
16537482
16537824
16537842
16538427
16538472
16538724
16538742
16543782
16543827
16543872
16547283
16547382
16547823
16547832
16548237
16548273
16548327
16548372
16548723
16548732
16573284
16573482
16573824
16573842
16574283
16574382
16574823
16574832
16578234
16578243
16578324
16578342
16578423
16578432
16583274
16583427
16583472
16583724
16583742
16584237
16584273
16584327
16584372
16584723
16584732
16587234
16587243
16587324
16587342
16587423
16587432
16734528
16734582
16734825
16734852
16735428
16735482
16735824
16735842
16738425
16738452
16738524
16738542
16743582
16743825
16743852
16745238
16745283
16745328
16745382
16745823
16745832
16748235
16748253
16748325
16748352
16748523
16748532
16753428
16753482
16753824
16753842
16754238
16754283
16754328
16754382
16754823
16754832
16758234
16758243
16758324
16758342
16758423
16758432
16783425
16783452
16783524
16783542
16784253
16784325
16784352
16784523
16784532
16785234
16785243
16785324
16785342
16785423
16785432
16834527
16834572
16834725
16834752
16835427
16835472
16835724
16835742
16837425
16837452
16837524
16837542
16843527
16843572
16843725
16843752
16845273
16845327
16845372
16845723
16845732
16847253
16847325
16847352
16847523
16847532
16853427
16853472
16853724
16853742
16854273
16854327
16854372
16854723
16854732
16857243
16857324
16857342
16857423
16857432
16873425
16873452
16873524
16873542
16874325
16874352
16874523
16874532
16875243
16875324
16875342
16875423
16875432
17345628
17345682
17345826
17345862
17346528
17346582
17346825
17346852
17348562
17348625
17348652
17354628
17354682
17354826
17354862
17356428
17356482
17356824
17356842
17358426
17358462
17358624
17358642
17364582
17364852
17365428
17365482
17365824
17365842
17368425
17368452
17368524
17368542
17384562
17384652
17385462
17385624
17385642
17386452
17386524
17386542
17435682
17435826
17435862
17436528
17436582
17436825
17436852
17438562
17438625
17438652
17453682
17453826
17453862
17456328
17456382
17456823
17456832
17458326
17458362
17458623
17458632
17463528
17463582
17463825
17463852
17465328
17465382
17465823
17465832
17468325
17468352
17468523
17468532
17483526
17483562
17483625
17483652
17485326
17485362
17485623
17485632
17486325
17486352
17486523
17486532
17534682
17534862
17536482
17536842
17538462
17538642
17543682
17543826
17543862
17546382
17546823
17546832
17548326
17548362
17548623
17548632
17563428
17563482
17563824
17563842
17564328
17564382
17564823
17564832
17568324
17568342
17568423
17568432
17583462
17583624
17583642
17584326
17584362
17584623
17584632
17586324
17586342
17586423
17586432
17634582
17634852
17635482
17635842
17638452
17638542
17643582
17643852
17645328
17645382
17645823
17645832
17648325
17648352
17648523
17648532
17653482
17653842
17654328
17654382
17654823
17654832
17658324
17658342
17658423
17658432
17683452
17683542
17684352
17684523
17684532
17685324
17685342
17685423
17685432
17834562
17834652
17835462
17835642
17836452
17836542
17843562
17843652
17845362
17845623
17845632
17846352
17846523
17846532
17853462
17853642
17854362
17854623
17854632
17856342
17856423
17856432
17863452
17863542
17864352
17864532
17865342
17865423
17865432
18345672
18345762
18346572
18346752
18347652
18354672
18354762
18356472
18356742
18357462
18357642
18365472
18365742
18367452
18367542
18375642
18376542
18435672
18435762
18436572
18436752
18437652
18453672
18453762
18456372
18456732
18457362
18457632
18463572
18463752
18465372
18465732
18467352
18467532
18473562
18473652
18475362
18475632
18476352
18476532
18543672
18543762
18546372
18546732
18547362
18547632
18563472
18563742
18564372
18564732
18567342
18567432
18573642
18574362
18574632
18576342
18576432
18645372
18645732
18647352
18647532
18654372
18654732
18657342
18657432
18674532
18675342
18675432
18745632
18746532
18754632
18756432
23145786
23146785
23146857
23146875
23147685
23147856
23147865
23148675
23154786
23156784
23156847
23156874
23157486
23157684
23157846
23157864
23158467
23158476
23158647
23158674
23158746
23158764
23165784
23165847
23165874
23167485
23167584
23167845
23167854
23168475
23168547
23168574
23168745
23168754
23175684
23175846
23175864
23176584
23176845
23176854
23178564
23178645
23178654
23185674
23185764
23186574
23186754
23416785
23416857
23416875
23417586
23417685
23417856
23417865
23418567
23418576
23418657
23418675
23418756
23456817
23457186
23457816
23458167
23458176
23458617
23458716
23461785
23461857
23461875
23465817
23467185
23467815
23468157
23468175
23468517
23468715
23471586
23471685
23471856
23471865
23475186
23475816
23476185
23476815
23478156
23478165
23478516
23478615
23481567
23481576
23481657
23481675
23481756
23481765
23485167
23485176
23485617
23485716
23486157
23486175
23486517
23486715
23487156
23487165
23487516
23487615
23516847
23516874
23517486
23517684
23517846
23517864
23518467
23518476
23518647
23518674
23518746
23518764
23546817
23547186
23547816
23548167
23548176
23548617
23548716
23561784
23561847
23561874
23564817
23567184
23567814
23568147
23568174
23568417
23568714
23571486
23571684
23571846
23571864
23574186
23574816
23576184
23576814
23578146
23578164
23578416
23578614
23581467
23581476
23581647
23581674
23581746
23581764
23584167
23584176
23584617
23584716
23586147
23586174
23586417
23586714
23587146
23587164
23587416
23587614
23614785
23614857
23614875
23615784
23615847
23615874
23617485
23617584
23617845
23617854
23618457
23618475
23618547
23618574
23618745
23618754
23641857
23641875
23645817
23647185
23647815
23648157
23648175
23648517
23648715
23651784
23651847
23651874
23654817
23657184
23657814
23658147
23658174
23658417
23658714
23671485
23671584
23671845
23671854
23674185
23674815
23675184
23675814
23678145
23678154
23678415
23678514
23681457
23681475
23681547
23681574
23681745
23681754
23684157
23684175
23684517
23684715
23685147
23685174
23685417
23685714
23687145
23687154
23687415
23687514
23714586
23714685
23714856
23714865
23715486
23715684
23715846
23715864
23716485
23716584
23716845
23716854
23718456
23718465
23718546
23718564
23718645
23718654
23741586
23741685
23741856
23741865
23745186
23745816
23746185
23746815
23748156
23748165
23748516
23748615
23751486
23751684
23751846
23751864
23754186
23754816
23756184
23756814
23758146
23758164
23758416
23758614
23761485
23761584
23761845
23761854
23764185
23764815
23765184
23765814
23768145
23768154
23768415
23768514
23781456
23781465
23781546
23781564
23781645
23781654
23784156
23784165
23784516
23784615
23785146
23785164
23785416
23785614
23786145
23786154
23786415
23786514
23814576
23814657
23814675
23814756
23814765
23815476
23815647
23815674
23815746
23815764
23816457
23816475
23816547
23816574
23816745
23816754
23817456
23817465
23817546
23817564
23817645
23817654
23841576
23841657
23841675
23841756
23841765
23845167
23845176
23845617
23845716
23846157
23846175
23846517
23846715
23847156
23847165
23847516
23847615
23851476
23851647
23851674
23851746
23851764
23854167
23854176
23854617
23854716
23856147
23856174
23856417
23856714
23857146
23857164
23857416
23857614
23861457
23861475
23861547
23861574
23861745
23861754
23864157
23864175
23864517
23864715
23865147
23865174
23865417
23865714
23867145
23867154
23867415
23867514
23871456
23871465
23871546
23871564
23871645
23871654
23874156
23874165
23874516
23874615
23875146
23875164
23875416
23875614
23876145
23876154
23876415
23876514
24136857
24136875
24137586
24137685
24137856
24137865
24138576
24138657
24138675
24138756
24156837
24156873
24157386
24157683
24157836
24157863
24158376
24158637
24158673
24158736
24158763
24163857
24163875
24165837
24165873
24167385
24167583
24167835
24167853
24168357
24168375
24168537
24168573
24168735
24168753
24173586
24173685
24173856
24173865
24175386
24175683
24175836
24175863
24176385
24176583
24176835
24176853
24178356
24178365
24178536
24178563
24178635
24178653
24183576
24183657
24183675
24183756
24183765
24185376
24185637
24185673
24185736
24185763
24186357
24186375
24186537
24186573
24186735
24186753
24187356
24187365
24187536
24187563
24187635
24187653
24316875
24317685
24317856
24317865
24318576
24318657
24318675
24318756
24356817
24357816
24358176
24358617
24358716
24361875
24365817
24367185
24367815
24368157
24368175
24368517
24368715
24371586
24371685
24371856
24371865
24375186
24375816
24376185
24376815
24378156
24378165
24378516
24378615
24381576
24381657
24381675
24381756
24381765
24385176
24385617
24385716
24386157
24386175
24386517
24386715
24387156
24387165
24387516
24387615
24516837
24516873
24517836
24517863
24518376
24518637
24518673
24518736
24518763
24536817
24537816
24538176
24538617
24538716
24561837
24561873
24563817
24567183
24567813
24568137
24568173
24568317
24568713
24571386
24571683
24571836
24571863
24573186
24573816
24576183
24576813
24578136
24578163
24578316
24578613
24581376
24581637
24581673
24581736
24581763
24583176
24583617
24583716
24586137
24586173
24586317
24586713
24587136
24587163
24587316
24587613
24613875
24615837
24615873
24617385
24617583
24617835
24617853
24618357
24618375
24618537
24618573
24618735
24618753
24631875
24635817
24637815
24638157
24638175
24638517
24638715
24651837
24651873
24653817
24657183
24657813
24658137
24658173
24658317
24658713
24671385
24671583
24671835
24671853
24673185
24673815
24675183
24675813
24678135
24678153
24678315
24678513
24681357
24681375
24681537
24681573
24681735
24681753
24683157
24683175
24683517
24683715
24685137
24685173
24685317
24685713
24687135
24687153
24687315
24687513
24713586
24713685
24713856
24713865
24715386
24715683
24715836
24715863
24716385
24716583
24716835
24716853
24718356
24718365
24718536
24718563
24718635
24718653
24731586
24731685
24731856
24731865
24735186
24735816
24736185
24736815
24738156
24738165
24738516
24738615
24751386
24751683
24751836
24751863
24753186
24753816
24756183
24756813
24758136
24758163
24758316
24758613
24761385
24761583
24761835
24761853
24763185
24763815
24765183
24765813
24768135
24768153
24768315
24768513
24781356
24781365
24781536
24781563
24781635
24781653
24783156
24783165
24783516
24783615
24785136
24785163
24785316
24785613
24786135
24786153
24786315
24786513
24813576
24813675
24813756
24813765
24815376
24815637
24815673
24815736
24815763
24816375
24816537
24816573
24816735
24816753
24817356
24817365
24817536
24817563
24817635
24817653
24831576
24831675
24831756
24831765
24835176
24835617
24835716
24836157
24836175
24836517
24836715
24837156
24837165
24837516
24837615
24851376
24851637
24851673
24851736
24851763
24853176
24853617
24853716
24856137
24856173
24856317
24856713
24857136
24857163
24857316
24857613
24861375
24861537
24861573
24861735
24861753
24863157
24863175
24863517
24863715
24865137
24865173
24865317
24865713
24867135
24867153
24867315
24867513
24871356
24871365
24871536
24871563
24871635
24871653
24873156
24873165
24873516
24873615
24875136
24875163
24875316
24875613
24876135
24876153
24876315
24876513
25136847
25136874
25137846
25137864
25138476
25138647
25138674
25138746
25138764
25146837
25146873
25147836
25147863
25148376
25148637
25148673
25148736
25148763
25163847
25163874
25164837
25164873
25167834
25167843
25168347
25168374
25168437
25168473
25168734
25168743
25173486
25173684
25173846
25173864
25174386
25174683
25174836
25174863
25176384
25176483
25176834
25176843
25178346
25178364
25178436
25178463
25178634
25178643
25183476
25183647
25183674
25183746
25183764
25184376
25184637
25184673
25184736
25184763
25186347
25186374
25186437
25186473
25186734
25186743
25187346
25187364
25187436
25187463
25187634
25187643
25316874
25317846
25317864
25318476
25318647
25318674
25318746
25318764
25346817
25347816
25348176
25348617
25348716
25361874
25364817
25367814
25368147
25368174
25368417
25368714
25371684
25371846
25371864
25374816
25376184
25376814
25378146
25378164
25378416
25378614
25381476
25381647
25381674
25381746
25381764
25384176
25384617
25384716
25386147
25386174
25386417
25386714
25387146
25387164
25387416
25387614
25416837
25416873
25417836
25417863
25418376
25418637
25418673
25418736
25418763
25436817
25437816
25438176
25438617
25438716
25461837
25461873
25463817
25467813
25468137
25468173
25468317
25468713
25471836
25471863
25473816
25476183
25476813
25478136
25478163
25478316
25478613
25481376
25481637
25481673
25481736
25481763
25483176
25483617
25483716
25486137
25486173
25486317
25486713
25487136
25487163
25487316
25487613
25613874
25614837
25614873
25617834
25617843
25618347
25618374
25618437
25618473
25618734
25618743
25631874
25634817
25637814
25638147
25638174
25638417
25638714
25641837
25641873
25643817
25647813
25648137
25648173
25648317
25648713
25671384
25671483
25671834
25671843
25673814
25674183
25674813
25678134
25678143
25678314
25678413
25681347
25681374
25681437
25681473
25681734
25681743
25683147
25683174
25683417
25683714
25684137
25684173
25684317
25684713
25687134
25687143
25687314
25687413
25713486
25713684
25713846
25713864
25714386
25714683
25714836
25714863
25716384
25716483
25716834
25716843
25718346
25718364
25718436
25718463
25718634
25718643
25731486
25731684
25731846
25731864
25734186
25734816
25736184
25736814
25738146
25738164
25738416
25738614
25741386
25741683
25741836
25741863
25743186
25743816
25746183
25746813
25748136
25748163
25748316
25748613
25761384
25761483
25761834
25761843
25763184
25763814
25764183
25764813
25768134
25768143
25768314
25768413
25781346
25781364
25781436
25781463
25781634
25781643
25783146
25783164
25783416
25783614
25784136
25784163
25784316
25784613
25786134
25786143
25786314
25786413
25813476
25813674
25813746
25813764
25814376
25814637
25814673
25814736
25814763
25816374
25816437
25816473
25816734
25816743
25817346
25817364
25817436
25817463
25817634
25817643
25831476
25831674
25831746
25831764
25834176
25834617
25834716
25836147
25836174
25836417
25836714
25837146
25837164
25837416
25837614
25841376
25841637
25841673
25841736
25841763
25843176
25843617
25843716
25846137
25846173
25846317
25846713
25847136
25847163
25847316
25847613
25861374
25861437
25861473
25861734
25861743
25863147
25863174
25863417
25863714
25864137
25864173
25864317
25864713
25867134
25867143
25867314
25867413
25871346
25871364
25871436
25871463
25871634
25871643
25873146
25873164
25873416
25873614
25874136
25874163
25874316
25874613
25876134
25876143
25876314
25876413
26134875
26135874
26137845
26137854
26138475
26138574
26138745
26138754
26143875
26145837
26145873
26147835
26147853
26148375
26148537
26148573
26148735
26148753
26153874
26154837
26154873
26157834
26157843
26158374
26158437
26158473
26158734
26158743
26173845
26173854
26174835
26174853
26175834
26175843
26178345
26178354
26178435
26178453
26178534
26178543
26183475
26183574
26183745
26183754
26184375
26184537
26184573
26184735
26184753
26185374
26185437
26185473
26185734
26185743
26187345
26187354
26187435
26187453
26187534
26187543
26314875
26315874
26317845
26317854
26318475
26318574
26318745
26318754
26341875
26345817
26347815
26348175
26348517
26348715
26351874
26354817
26357814
26358174
26358417
26358714
26371845
26371854
26374815
26375814
26378145
26378154
26378415
26378514
26381475
26381574
26381745
26381754
26384175
26384517
26384715
26385174
26385417
26385714
26387145
26387154
26387415
26387514
26413875
26415873
26417835
26417853
26418375
26418537
26418573
26418735
26418753
26431875
26435817
26437815
26438175
26438517
26438715
26451873
26453817
26457813
26458137
26458173
26458317
26458713
26471835
26471853
26473815
26475813
26478135
26478153
26478315
26478513
26481375
26481537
26481573
26481735
26481753
26483175
26483517
26483715
26485137
26485173
26485317
26485713
26487135
26487153
26487315
26487513
26513874
26514873
26517834
26517843
26518374
26518437
26518473
26518734
26518743
26531874
26534817
26537814
26538174
26538417
26538714
26541873
26543817
26547813
26548137
26548173
26548317
26548713
26571834
26571843
26573814
26574813
26578134
26578143
26578314
26578413
26581374
26581437
26581473
26581734
26581743
26583174
26583417
26583714
26584137
26584173
26584317
26584713
26587134
26587143
26587314
26587413
26713485
26713584
26713845
26713854
26714385
26714583
26714835
26714853
26715384
26715483
26715834
26715843
26718345
26718354
26718435
26718453
26718534
26718543
26731584
26731845
26731854
26734815
26735184
26735814
26738145
26738154
26738415
26738514
26741835
26741853
26743815
26745183
26745813
26748135
26748153
26748315
26748513
26751384
26751483
26751834
26751843
26753814
26754183
26754813
26758134
26758143
26758314
26758413
26781345
26781354
26781435
26781453
26781534
26781543
26783145
26783154
26783415
26783514
26784135
26784153
26784315
26784513
26785134
26785143
26785314
26785413
26813475
26813574
26813745
26813754
26814375
26814573
26814735
26814753
26815374
26815473
26815734
26815743
26817345
26817354
26817435
26817453
26817534
26817543
26831475
26831574
26831745
26831754
26834175
26834517
26834715
26835174
26835417
26835714
26837145
26837154
26837415
26837514
26841375
26841573
26841735
26841753
26843175
26843517
26843715
26845137
26845173
26845317
26845713
26847135
26847153
26847315
26847513
26851374
26851473
26851734
26851743
26853174
26853417
26853714
26854137
26854173
26854317
26854713
26857134
26857143
26857314
26857413
26871345
26871354
26871435
26871453
26871534
26871543
26873145
26873154
26873415
26873514
26874135
26874153
26874315
26874513
26875134
26875143
26875314
26875413
27134586
27134685
27134856
27134865
27135486
27135684
27135846
27135864
27136485
27136584
27136845
27136854
27138456
27138465
27138546
27138564
27138645
27138654
27143685
27143856
27143865
27145386
27145683
27145836
27145863
27146385
27146583
27146835
27146853
27148356
27148365
27148536
27148563
27148635
27148653
27153486
27153684
27153846
27153864
27154386
27154683
27154836
27154863
27156384
27156483
27156834
27156843
27158346
27158364
27158436
27158463
27158634
27158643
27163485
27163584
27163845
27163854
27164385
27164583
27164835
27164853
27165384
27165483
27165834
27165843
27168345
27168354
27168435
27168453
27168534
27168543
27183456
27183465
27183546
27183564
27183645
27183654
27184356
27184365
27184536
27184563
27184635
27184653
27185346
27185364
27185436
27185463
27185634
27185643
27186345
27186354
27186435
27186453
27186534
27186543
27314685
27314856
27314865
27315684
27315846
27315864
27316485
27316584
27316845
27316854
27318456
27318465
27318546
27318564
27318645
27318654
27341856
27341865
27345816
27346185
27346815
27348156
27348165
27348516
27348615
27351684
27351846
27351864
27354816
27356184
27356814
27358146
27358164
27358416
27358614
27361485
27361584
27361845
27361854
27364185
27364815
27365184
27365814
27368145
27368154
27368415
27368514
27381456
27381465
27381546
27381564
27381645
27381654
27384156
27384165
27384516
27384615
27385146
27385164
27385416
27385614
27386145
27386154
27386415
27386514
27413856
27413865
27415836
27415863
27416385
27416583
27416835
27416853
27418356
27418365
27418536
27418563
27418635
27418653
27431856
27431865
27435816
27436815
27438156
27438165
27438516
27438615
27451836
27451863
27453816
27456183
27456813
27458136
27458163
27458316
27458613
27461385
27461583
27461835
27461853
27463185
27463815
27465183
27465813
27468135
27468153
27468315
27468513
27481356
27481365
27481536
27481563
27481635
27481653
27483156
27483165
27483516
27483615
27485136
27485163
27485316
27485613
27486135
27486153
27486315
27486513
27513846
27513864
27514836
27514863
27516834
27516843
27518346
27518364
27518436
27518463
27518634
27518643
27531846
27531864
27534816
27536814
27538146
27538164
27538416
27538614
27541836
27541863
27543816
27546813
27548136
27548163
27548316
27548613
27561384
27561483
27561834
27561843
27563814
27564183
27564813
27568134
27568143
27568314
27568413
27581346
27581364
27581436
27581463
27581634
27581643
27583146
27583164
27583416
27583614
27584136
27584163
27584316
27584613
27586134
27586143
27586314
27586413
27613485
27613584
27613845
27613854
27614385
27614583
27614835
27614853
27615384
27615483
27615834
27615843
27618345
27618354
27618435
27618453
27618534
27618543
27631584
27631845
27631854
27634815
27635184
27635814
27638145
27638154
27638415
27638514
27641835
27641853
27643815
27645183
27645813
27648135
27648153
27648315
27648513
27651384
27651483
27651834
27651843
27653814
27654183
27654813
27658134
27658143
27658314
27658413
27681345
27681354
27681435
27681453
27681534
27681543
27683145
27683154
27683415
27683514
27684135
27684153
27684315
27684513
27685134
27685143
27685314
27685413
27813456
27813465
27813546
27813564
27813645
27813654
27814356
27814365
27814536
27814563
27814635
27814653
27815346
27815364
27815436
27815463
27815634
27815643
27816345
27816354
27816435
27816453
27816534
27816543
27831456
27831465
27831546
27831564
27831645
27831654
27834156
27834165
27834516
27834615
27835146
27835164
27835416
27835614
27836145
27836154
27836415
27836514
27841356
27841365
27841536
27841563
27841635
27841653
27843156
27843165
27843516
27843615
27845136
27845163
27845316
27845613
27846135
27846153
27846315
27846513
27851346
27851364
27851436
27851463
27851634
27851643
27853146
27853164
27853416
27853614
27854136
27854163
27854316
27854613
27856134
27856143
27856314
27856413
27861345
27861354
27861435
27861453
27861534
27861543
27863145
27863154
27863415
27863514
27864135
27864153
27864315
27864513
27865134
27865143
27865314
27865413
28345617
28346517
28354617
28356417
28364517
28365417
28436517
28463517
28536417
32416875
32417856
32417865
32418576
32418675
32418756
32458176
32461875
32468175
32471856
32471865
32478156
32478165
32481576
32481675
32481756
32481765
32485176
32486175
32487156
32487165
32517846
32517864
32518476
32518674
32518746
32518764
32548176
32561874
32568174
32571846
32571864
32578146
32578164
32581476
32581674
32581746
32581764
32584176
32586174
32587146
32587164
32614875
32615874
32617845
32617854
32618475
32618574
32618745
32618754
32648175
32651874
32658174
32671845
32671854
32678145
32678154
32681475
32681574
32681745
32681754
32684175
32685174
32687145
32687154
32714856
32714865
32715846
32715864
32716845
32716854
32718456
32718465
32718546
32718564
32718645
32718654
32741856
32741865
32748156
32748165
32751846
32751864
32758146
32758164
32761845
32761854
32768145
32768154
32781456
32781465
32781546
32781564
32781645
32781654
32784156
32784165
32785146
32785164
32786145
32786154
32814675
32814756
32814765
32815674
32815746
32815764
32816475
32816574
32816745
32816754
32817456
32817465
32817546
32817564
32817645
32817654
32841675
32841756
32841765
32845176
32846175
32847156
32847165
32851674
32851746
32851764
32854176
32856174
32857146
32857164
32861475
32861574
32861745
32861754
32864175
32865174
32867145
32867154
32871456
32871465
32871546
32871564
32871645
32871654
32874156
32874165
32875146
32875164
32876145
32876154
34127856
34127865
34128675
34157826
34158726
34167825
34168275
34168725
34172856
34172865
34175826
34176825
34178256
34178265
34178526
34178625
34182675
34182756
34182765
34185726
34186275
34186725
34187256
34187265
34187526
34187625
34217865
34218675
34218756
34268175
34271865
34278156
34278165
34281675
34281756
34281765
34286175
34287156
34287165
34518726
34571826
34581726
34617825
34618275
34618725
34628175
34671825
34681275
34681725
34682175
34712865
34715826
34716825
34718256
34718265
34718526
34718625
34721865
34728156
34728165
34751826
34761825
34781256
34781265
34781526
34781625
34782156
34782165
34812675
34812765
34815726
34816275
34816725
34817265
34817526
34817625
34821675
34821765
34826175
34827156
34827165
34851726
34861275
34861725
34862175
34872156
35148726
35168274
35168724
35172846
35172864
35174826
35176824
35178246
35178264
35178426
35178624
35182674
35182764
35184726
35186274
35186724
35187246
35187264
35187426
35187624
35218674
35218746
35218764
35268174
35271864
35278146
35278164
35281674
35281746
35281764
35286174
35287146
35287164
35418726
35481726
35618274
35618724
35628174
35671824
35681274
35681724
35712864
35714826
35716824
35718246
35718264
35718426
35718624
35721864
35728146
35728164
35741826
35761824
35781246
35781264
35781426
35781624
35812674
35812764
35814726
35816274
35816724
35817426
35821674
35821764
35827146
35841726
35861274
35861724
36148275
36148725
36158274
36158724
36178245
36178254
36178425
36178524
36184725
36185274
36185724
36187254
36187425
36187524
36218475
36218574
36218745
36218754
36248175
36258174
36278145
36278154
36281475
36281574
36281745
36281754
36284175
36285174
36287145
36287154
36418275
36418725
36481275
36481725
36518274
36518724
36581274
36581724
36712845
36712854
36714825
36715824
36718245
36718254
36718425
36718524
36721854
36751824
36781245
36781254
36781425
36781524
36812475
36812574
36814275
36815274
36821475
36821574
36841275
36851274
37145826
37146825
37148625
37154826
37156824
37158426
37158624
37165824
37168425
37168524
37185624
37186524
37214865
37215864
37216845
37216854
37218465
37218564
37218645
37218654
37251864
37261845
37261854
37281465
37281564
37281645
37281654
37416825
37418265
37418526
37418625
37461825
37481265
37481526
37481625
37518264
37518426
37518624
37561824
37581264
37581426
37581624
37612845
37612854
37614825
37615824
37618245
37618254
37618425
37618524
37621854
37651824
37681245
37681254
37681425
37681524
42318675
42381675
42381765
42618375
42618735
42681375
42681735
42718635
42781365
42781635
43281765
43618725
43718265
43718625
43781265
46281735
46718235
46718325
47318625
47618325
