12346578 1 -16 153 -1141 7353 -43308 | 40319 362815 3626197 39832878 476591415 6162162531
12354678 1 -16 153 -1141 7353 -43333 | 40319 362815 3626197 39832878 476591415 6162162556
12347658 1 -16 153 -1141 7343 -42808 | 40319 362815 3626197 39832878 476591425 6162163721
12376548 1 -16 153 -1141 7343 -42951 | 40319 362815 3626197 39832878 476591425 6162163864
12765438 1 -16 153 -1141 7343 -42926 | 40319 362815 3626197 39832878 476591425 6162163839
12354786 1 -16 154 -1172 7906 -50724 | 40319 362815 3626196 39832788 476586614 6161962922
12543786 1 -16 154 -1172 7906 -50952 | 40319 362815 3626196 39832788 476586614 6161963150
15432786 1 -16 154 -1172 7906 -50904 | 40319 362815 3626196 39832788 476586614 6161963102
12365478 1 -16 153 -1141 7339 -42668 | 40319 362815 3626197 39832878 476591429 6162164257
12654378 1 -16 153 -1141 7339 -42786 | 40319 362815 3626197 39832878 476591429 6162164375
12375684 1 -16 156 -1228 8780 -60826 | 40319 362815 3626194 39832602 476576380 6161525174
13275684 1 -16 156 -1228 8780 -60941 | 40319 362815 3626194 39832602 476576380 6161525289
17854623 1 -16 156 -1228 8780 -60453 | 40319 362815 3626194 39832602 476576380 6161524801
12378564 1 -16 154 -1165 7650 -45828 | 40319 362815 3626196 39832781 476585862 6161916114
17845623 1 -16 154 -1165 7650 -45584 | 40319 362815 3626196 39832781 476585862 6161915870
12378645 1 -16 154 -1160 7445 -40908 | 40319 362815 3626196 39832776 476585347 6161884999
13278645 1 -16 154 -1160 7445 -41010 | 40319 362815 3626196 39832776 476585347 6161885101
12385674 1 -16 154 -1161 7495 -42405 | 40319 362815 3626196 39832777 476585441 6161890214
13285674 1 -16 154 -1161 7495 -42489 | 40319 362815 3626196 39832777 476585441 6161890298
12435786 1 -16 154 -1173 7960 -52433 | 40319 362815 3626196 39832789 476586704 6161967673
13245786 1 -16 154 -1173 7960 -52368 | 40319 362815 3626196 39832789 476586704 6161967608
12436758 1 -16 155 -1208 8660 -62891 | 40319 362815 3626195 39832703 476582332 6161794935
13427658 1 -16 155 -1208 8660 -63071 | 40319 362815 3626195 39832703 476582332 6161795115
12436785 1 -16 154 -1165 7619 -43996 | 40319 362815 3626196 39832781 476585893 6161919521
14326785 1 -16 154 -1165 7619 -44060 | 40319 362815 3626196 39832781 476585893 6161919585
12436857 1 -16 155 -1206 8588 -61453 | 40319 362815 3626195 39832701 476582116 6161781329
14326857 1 -16 155 -1206 8588 -61588 | 40319 362815 3626195 39832701 476582116 6161781464
12436875 1 -16 155 -1204 8504 -59438 | 40319 362815 3626195 39832699 476581912 6161769174
14326875 1 -16 155 -1204 8504 -59564 | 40319 362815 3626195 39832699 476581912 6161769300
12437658 1 -16 153 -1142 7380 -43566 | 40319 362815 3626197 39832879 476591532 6162170394
12543768 1 -16 153 -1142 7380 -43654 | 40319 362815 3626197 39832879 476591532 6162170482
12437685 1 -16 155 -1204 8509 -59675 | 40319 362815 3626195 39832699 476581907 6161768566
14327685 1 -16 155 -1204 8509 -59776 | 40319 362815 3626195 39832699 476581907 6161768667
12437856 1 -16 154 -1166 7654 -44654 | 40319 362815 3626196 39832782 476586002 6161926432
14327856 1 -16 154 -1166 7654 -44746 | 40319 362815 3626196 39832782 476586002 6161926524
12437865 1 -16 154 -1167 7700 -45858 | 40319 362815 3626196 39832783 476586100 6161932030
14327865 1 -16 154 -1167 7700 -45949 | 40319 362815 3626196 39832783 476586100 6161932121
12438675 1 -16 154 -1169 7781 -47776 | 40319 362815 3626196 39832785 476586307 6161944595
14328675 1 -16 154 -1169 7781 -47902 | 40319 362815 3626196 39832785 476586307 6161944721
12456783 1 -16 154 -1165 7651 -45431 | 40319 362815 3626196 39832781 476585861 6161915548
16784523 1 -16 154 -1165 7651 -45632 | 40319 362815 3626196 39832781 476585861 6161915749
12457386 1 -16 158 -1289 9800 -72881 | 40319 362815 3626192 39832421 476566720 6161125545
12584736 1 -16 158 -1289 9800 -72816 | 40319 362815 3626192 39832421 476566720 6161125480
12457638 1 -16 156 -1223 8563 -55699 | 40319 362815 3626194 39832597 476575877 6161495880
12546738 1 -16 156 -1223 8563 -55718 | 40319 362815 3626194 39832597 476575877 6161495899
12457683 1 -16 155 -1194 8125 -51271 | 40319 362815 3626195 39832689 476580851 6161703378
12465783 1 -16 155 -1194 8125 -51323 | 40319 362815 3626195 39832689 476580851 6161703430
12458673 1 -16 156 -1225 8658 -57685 | 40319 362815 3626194 39832599 476576070 6161506147
12465738 1 -16 156 -1225 8658 -58328 | 40319 362815 3626194 39832599 476576070 6161506790
12465873 1 -16 155 -1193 8087 -50603 | 40319 362815 3626195 39832688 476580745 6161696964
17654832 1 -16 155 -1193 8087 -50729 | 40319 362815 3626195 39832688 476580745 6161697090
12467853 1 -16 156 -1225 8661 -57946 | 40319 362815 3626194 39832599 476576067 6161505901
12486753 1 -16 156 -1225 8661 -58285 | 40319 362815 3626194 39832599 476576067 6161506240
17835462 1 -16 156 -1225 8661 -57820 | 40319 362815 3626194 39832599 476576067 6161505775
12475683 1 -16 157 -1261 9446 -71757 | 40319 362815 3626193 39832514 476571754 6161334319
13876524 1 -16 157 -1261 9446 -71859 | 40319 362815 3626193 39832514 476571754 6161334421
12478356 1 -16 157 -1251 8949 -57804 | 40319 362815 3626193 39832504 476570811 6161282679
17365428 1 -16 157 -1251 8949 -57898 | 40319 362815 3626193 39832504 476570811 6161282773
12485763 1 -16 157 -1258 9301 -67847 | 40319 362815 3626193 39832511 476571467 6161318410
12574683 1 -16 157 -1258 9301 -67996 | 40319 362815 3626193 39832511 476571467 6161318559
12567834 1 -16 154 -1162 7549 -43744 | 40319 362815 3626196 39832778 476585531 6161894595
12567843 1 -16 154 -1162 7549 -43712 | 40319 362815 3626196 39832778 476585531 6161894563
12573684 1 -16 159 -1322 10429 -82059 | 40319 362815 3626191 39832333 476562131 6160939190
13725486 1 -16 159 -1322 10429 -82187 | 40319 362815 3626191 39832333 476562131 6160939318
12574638 1 -16 157 -1262 9408 -69126 | 40319 362815 3626193 39832515 476571936 6161350278
12647538 1 -16 157 -1262 9408 -69064 | 40319 362815 3626193 39832515 476571936 6161350216
12576348 1 -16 156 -1218 8331 -49635 | 40319 362815 3626194 39832592 476575389 6161468184
12657348 1 -16 156 -1218 8331 -49573 | 40319 362815 3626194 39832592 476575389 6161468122
12576483 1 -16 157 -1256 9234 -66951 | 40319 362815 3626193 39832509 476571246 6161304501
15387642 1 -16 157 -1256 9234 -66984 | 40319 362815 3626193 39832509 476571246 6161304534
12576834 1 -16 155 -1190 7968 -47859 | 40319 362815 3626195 39832685 476580432 6161677827
15476823 1 -16 155 -1190 7968 -47875 | 40319 362815 3626195 39832685 476580432 6161677843
15476832 1 -16 155 -1190 7968 -47955 | 40319 362815 3626195 39832685 476580432 6161677923
12586374 1 -16 159 -1323 10512 -85123 | 40319 362815 3626191 39832334 476562192 6160940395
16748352 1 -16 159 -1323 10512 -84808 | 40319 362815 3626191 39832334 476562192 6160940080
12586734 1 -16 156 -1225 8684 -59323 | 40319 362815 3626194 39832599 476576044 6161503391
12586743 1 -16 156 -1225 8684 -59348 | 40319 362815 3626194 39832599 476576044 6161503416
12678453 1 -16 154 -1161 7507 -42973 | 40319 362815 3626196 39832777 476585429 6161888754
12784563 1 -16 154 -1161 7507 -42922 | 40319 362815 3626196 39832777 476585429 6161888703
12684537 1 -16 157 -1250 8938 -58635 | 40319 362815 3626193 39832503 476570678 6161273201
13674528 1 -16 157 -1250 8938 -58678 | 40319 362815 3626193 39832503 476570678 6161273244
12684573 1 -16 157 -1256 9216 -65769 | 40319 362815 3626193 39832509 476571264 6161306361
18356742 1 -16 157 -1256 9216 -65653 | 40319 362815 3626193 39832509 476571264 6161306245
12685473 1 -16 158 -1292 9962 -77577 | 40319 362815 3626192 39832424 476566990 6161139367
12748653 1 -16 158 -1292 9962 -77517 | 40319 362815 3626192 39832424 476566990 6161139307
12685734 1 -16 156 -1226 8720 -60146 | 40319 362815 3626194 39832600 476576152 6161510298
12758634 1 -16 156 -1226 8720 -60153 | 40319 362815 3626194 39832600 476576152 6161510305
12687453 1 -16 155 -1192 8059 -50580 | 40319 362815 3626195 39832687 476580629 6161689505
12768453 1 -16 155 -1192 8059 -50537 | 40319 362815 3626195 39832687 476580629 6161689462
12687543 1 -16 155 -1195 8170 -52811 | 40319 362815 3626195 39832690 476580950 6161709481
13465872 1 -16 155 -1195 8170 -52454 | 40319 362815 3626195 39832690 476580950 6161709124
12748563 1 -16 157 -1256 9199 -64822 | 40319 362815 3626193 39832509 476571281 6161308287
16845732 1 -16 157 -1256 9199 -64681 | 40319 362815 3626193 39832509 476571281 6161308146
12756843 1 -16 156 -1224 8654 -59079 | 40319 362815 3626194 39832598 476575930 6161496049
24567183 1 -16 156 -1224 8654 -58412 | 40319 362815 3626194 39832598 476575930 6161495382
12768543 1 -16 155 -1197 8241 -54140 | 40319 362815 3626195 39832692 476581167 6161723147
16745238 1 -16 155 -1197 8241 -54181 | 40319 362815 3626195 39832692 476581167 6161723188
12785463 1 -16 156 -1228 8821 -62916 | 40319 362815 3626194 39832602 476576339 6161520335
13567824 1 -16 156 -1228 8821 -62631 | 40319 362815 3626194 39832602 476576339 6161520050
12846573 1 -16 156 -1225 8690 -59410 | 40319 362815 3626194 39832599 476576038 6161502464
23157846 1 -16 156 -1225 8690 -59388 | 40319 362815 3626194 39832599 476576038 6161502442
12854673 1 -16 156 -1222 8562 -56232 | 40319 362815 3626194 39832596 476575734 6161484414
14386752 1 -16 156 -1222 8562 -56433 | 40319 362815 3626194 39832596 476575734 6161484615
12865473 1 -16 156 -1219 8384 -50710 | 40319 362815 3626194 39832593 476575480 6161472470
18654732 1 -16 156 -1219 8384 -50851 | 40319 362815 3626194 39832593 476575480 6161472611
13258674 1 -16 156 -1232 8958 -65476 | 40319 362815 3626194 39832606 476576778 6161548414
13426857 1 -16 156 -1232 8958 -65597 | 40319 362815 3626194 39832606 476576778 6161548535
13427586 1 -16 156 -1232 8958 -65599 | 40319 362815 3626194 39832606 476576778 6161548537
13276845 1 -16 155 -1193 8069 -49790 | 40319 362815 3626195 39832688 476580763 6161699193
17658432 1 -16 155 -1193 8069 -49813 | 40319 362815 3626195 39832688 476580763 6161699216
13426758 1 -16 156 -1232 8921 -63684 | 40319 362815 3626194 39832606 476576815 6161552875
13427568 1 -16 156 -1232 8921 -63684 | 40319 362815 3626194 39832606 476576815 6161552875
13426785 1 -16 155 -1196 8254 -56225 | 40319 362815 3626195 39832691 476581010 6161710867
13428567 1 -16 155 -1196 8254 -56221 | 40319 362815 3626195 39832691 476581010 6161710863
32417865 1 -16 155 -1196 8254 -55831 | 40319 362815 3626195 39832691 476581010 6161710473
13426875 1 -16 156 -1232 8977 -66654 | 40319 362815 3626194 39832606 476576759 6161546381
13428576 1 -16 156 -1232 8977 -66650 | 40319 362815 3626194 39832606 476576759 6161546377
13427685 1 -16 156 -1232 8990 -67342 | 40319 362815 3626194 39832606 476576746 6161544872
13428657 1 -16 156 -1232 8990 -67340 | 40319 362815 3626194 39832606 476576746 6161544870
13427865 1 -16 155 -1196 8226 -54687 | 40319 362815 3626195 39832691 476581038 6161714061
13428756 1 -16 155 -1196 8226 -54693 | 40319 362815 3626195 39832691 476581038 6161714067
13452786 1 -16 155 -1189 7919 -46915 | 40319 362815 3626195 39832684 476580337 6161672996
15673428 1 -16 155 -1189 7919 -46882 | 40319 362815 3626195 39832684 476580337 6161672963
13456827 1 -16 157 -1261 9463 -72580 | 40319 362815 3626193 39832514 476571737 6161332269
23457186 1 -16 157 -1261 9463 -72342 | 40319 362815 3626193 39832514 476571737 6161332031
13457628 1 -16 156 -1227 8773 -61450 | 40319 362815 3626194 39832601 476576243 6161514813
13786542 1 -16 156 -1227 8773 -61503 | 40319 362815 3626194 39832601 476576243 6161514866
13457682 1 -16 155 -1198 8294 -55390 | 40319 362815 3626195 39832693 476581258 6161727608
13546782 1 -16 155 -1198 8294 -55481 | 40319 362815 3626195 39832693 476581258 6161727699
13457826 1 -16 157 -1250 8998 -61539 | 40319 362815 3626193 39832503 476570618 6161265965
13876254 1 -16 157 -1250 8998 -61792 | 40319 362815 3626193 39832503 476570618 6161266218
13457862 1 -16 156 -1227 8774 -61608 | 40319 362815 3626194 39832601 476576242 6161514802
13876452 1 -16 156 -1227 8774 -61587 | 40319 362815 3626194 39832601 476576242 6161514781
13458267 1 -16 157 -1247 8896 -60384 | 40319 362815 3626193 39832500 476570288 6161245544
15762834 1 -16 157 -1247 8896 -59782 | 40319 362815 3626193 39832500 476570288 6161244942
25643817 1 -16 157 -1247 8896 -59476 | 40319 362815 3626193 39832500 476570288 6161244636
13468572 1 -16 157 -1260 9394 -70127 | 40319 362815 3626193 39832513 476571662 6161329309
17853462 1 -16 157 -1260 9394 -70106 | 40319 362815 3626193 39832513 476571662 6161329288
13472856 1 -16 158 -1277 9313 -61585 | 40319 362815 3626192 39832409 476565479 6161050536
17348562 1 -16 158 -1277 9313 -61170 | 40319 362815 3626192 39832409 476565479 6161050121
13475628 1 -16 157 -1253 9086 -62470 | 40319 362815 3626193 39832506 476570962 6161288528
14382675 1 -16 157 -1253 9086 -62888 | 40319 362815 3626193 39832506 476570962 6161288946
13476582 1 -16 155 -1193 8103 -51432 | 40319 362815 3626195 39832688 476580729 6161695089
13654782 1 -16 155 -1193 8103 -51485 | 40319 362815 3626195 39832688 476580729 6161695142
15768342 1 -16 155 -1193 8103 -51468 | 40319 362815 3626195 39832688 476580729 6161695125
13476825 1 -16 157 -1241 8622 -52602 | 40319 362815 3626193 39832494 476569698 6161211060
13782645 1 -16 157 -1241 8622 -53005 | 40319 362815 3626193 39832494 476569698 6161211463
13476852 1 -16 157 -1257 9281 -67832 | 40319 362815 3626193 39832510 476571343 6161309607
13576842 1 -16 157 -1257 9281 -67955 | 40319 362815 3626193 39832510 476571343 6161309730
24586713 1 -16 157 -1257 9281 -67508 | 40319 362815 3626193 39832510 476571343 6161309283
13478652 1 -16 156 -1220 8479 -54351 | 40319 362815 3626194 39832594 476575529 6161472224
14387562 1 -16 156 -1220 8479 -54400 | 40319 362815 3626194 39832594 476575529 6161472273
13485267 1 -16 158 -1280 9507 -68320 | 40319 362815 3626192 39832412 476565717 6161060989
34172856 1 -16 158 -1280 9507 -67527 | 40319 362815 3626192 39832412 476565717 6161060196
13485627 1 -16 158 -1278 9409 -65100 | 40319 362815 3626192 39832410 476565527 6161049995
13875426 1 -16 158 -1278 9409 -65435 | 40319 362815 3626192 39832410 476565527 6161050330
13485672 1 -16 156 -1221 8485 -53457 | 40319 362815 3626194 39832595 476575667 6161482484
14856732 1 -16 156 -1221 8485 -53335 | 40319 362815 3626194 39832595 476575667 6161482362
13486257 1 -16 159 -1307 9855 -69859 | 40319 362815 3626191 39832318 476560545 6160841476
14837625 1 -16 159 -1307 9855 -69823 | 40319 362815 3626191 39832318 476560545 6160841440
13486527 1 -16 158 -1275 9286 -62412 | 40319 362815 3626192 39832407 476565218 6161031590
14865327 1 -16 158 -1275 9286 -62536 | 40319 362815 3626192 39832407 476565218 6161031714
13486752 1 -16 156 -1222 8555 -56049 | 40319 362815 3626194 39832596 476575741 6161485414
25678143 1 -16 156 -1222 8555 -55664 | 40319 362815 3626194 39832596 476575741 6161485029
13487562 1 -16 156 -1220 8467 -53711 | 40319 362815 3626194 39832594 476575541 6161473612
14875623 1 -16 156 -1220 8467 -53724 | 40319 362815 3626194 39832594 476575541 6161473625
14875632 1 -16 156 -1220 8467 -53758 | 40319 362815 3626194 39832594 476575541 6161473659
13528674 1 -16 158 -1284 9658 -71841 | 40319 362815 3626192 39832416 476566142 6161087663
13754628 1 -16 158 -1284 9658 -71572 | 40319 362815 3626192 39832416 476566142 6161087394
13542786 1 -16 156 -1228 8789 -61549 | 40319 362815 3626194 39832602 476576371 6161524376
15764328 1 -16 156 -1228 8789 -61591 | 40319 362815 3626194 39832602 476576371 6161524418
13546827 1 -16 157 -1253 9126 -64786 | 40319 362815 3626193 39832506 476570922 6161284084
25876413 1 -16 157 -1253 9126 -64121 | 40319 362815 3626193 39832506 476570922 6161283419
27658413 1 -16 157 -1253 9126 -64031 | 40319 362815 3626193 39832506 476570922 6161283329
13547862 1 -16 156 -1224 8652 -58804 | 40319 362815 3626194 39832598 476575932 6161496112
13548672 1 -16 156 -1224 8652 -58803 | 40319 362815 3626194 39832598 476575932 6161496111
13548267 1 -16 157 -1241 8594 -51745 | 40319 362815 3626193 39832494 476569726 6161214935
14527683 1 -16 157 -1241 8594 -51528 | 40319 362815 3626193 39832494 476569726 6161214718
13548762 1 -16 155 -1193 8099 -51278 | 40319 362815 3626195 39832688 476580733 6161695611
13654872 1 -16 155 -1193 8099 -51260 | 40319 362815 3626195 39832688 476580733 6161695593
13562784 1 -16 158 -1282 9605 -70921 | 40319 362815 3626192 39832414 476565907 6161071364
24813765 1 -16 158 -1282 9605 -70771 | 40319 362815 3626192 39832414 476565907 6161071214
13568472 1 -16 159 -1324 10578 -87018 | 40319 362815 3626191 39832335 476562270 6160943304
13745862 1 -16 159 -1324 10578 -86945 | 40319 362815 3626191 39832335 476562270 6160943231
13568724 1 -16 157 -1255 9235 -67738 | 40319 362815 3626193 39832508 476571101 6161292951
13856724 1 -16 157 -1255 9235 -68152 | 40319 362815 3626193 39832508 476571101 6161293365
13568742 1 -16 157 -1255 9197 -65847 | 40319 362815 3626193 39832508 476571139 6161297482
14857623 1 -16 157 -1255 9197 -65842 | 40319 362815 3626193 39832508 476571139 6161297477
13576284 1 -16 158 -1279 9516 -69858 | 40319 362815 3626192 39832411 476565564 6161048838
13657284 1 -16 158 -1279 9516 -69902 | 40319 362815 3626192 39832411 476565564 6161048882
13582674 1 -16 159 -1302 9665 -66168 | 40319 362815 3626191 39832313 476560015 6160809055
14683275 1 -16 159 -1302 9665 -65994 | 40319 362815 3626191 39832313 476560015 6160808881
13584267 1 -16 159 -1307 9842 -69265 | 40319 362815 3626191 39832318 476560558 6160843079
16437285 1 -16 159 -1307 9842 -69244 | 40319 362815 3626191 39832318 476560558 6160843058
13587264 1 -16 159 -1309 9973 -73721 | 40319 362815 3626191 39832320 476560715 6160849732
14627385 1 -16 159 -1309 9973 -73722 | 40319 362815 3626191 39832320 476560715 6160849733
13587426 1 -16 159 -1303 9666 -64420 | 40319 362815 3626191 39832314 476560158 6160819306
13847256 1 -16 159 -1303 9666 -64703 | 40319 362815 3626191 39832314 476560158 6160819589
13587624 1 -16 157 -1251 9040 -62445 | 40319 362815 3626193 39832504 476570720 6161271941
23461875 1 -16 157 -1251 9040 -62585 | 40319 362815 3626193 39832504 476570720 6161272081
13642857 1 -16 160 -1352 10964 -90092 | 40319 362815 3626190 39832242 476557204 6160731072
13724685 1 -16 160 -1352 10964 -90117 | 40319 362815 3626190 39832242 476557204 6160731097
13647528 1 -16 158 -1290 9896 -76792 | 40319 362815 3626192 39832422 476566768 6161125400
18463572 1 -16 158 -1290 9896 -76360 | 40319 362815 3626192 39832422 476566768 6161124968
13648257 1 -16 160 -1339 10426 -77319 | 40319 362815 3626190 39832229 476555870 6160651037
15738624 1 -16 160 -1339 10426 -77100 | 40319 362815 3626190 39832229 476555870 6160650818
13658724 1 -16 157 -1252 9109 -65018 | 40319 362815 3626193 39832505 476570795 6161275021
14356827 1 -16 157 -1252 9109 -65340 | 40319 362815 3626193 39832505 476570795 6161275343
35781246 1 -16 157 -1252 9109 -64553 | 40319 362815 3626193 39832505 476570795 6161274556
13672845 1 -16 158 -1278 9415 -65623 | 40319 362815 3626192 39832410 476565521 6161049504
14583762 1 -16 158 -1278 9415 -65806 | 40319 362815 3626192 39832410 476565521 6161049687
13674582 1 -16 157 -1252 9057 -62152 | 40319 362815 3626193 39832505 476570847 6161280943
18453672 1 -16 157 -1252 9057 -61925 | 40319 362815 3626193 39832505 476570847 6161280716
13674852 1 -16 158 -1282 9519 -65921 | 40319 362815 3626192 39832414 476565993 6161080898
14786352 1 -16 158 -1282 9519 -66118 | 40319 362815 3626192 39832414 476565993 6161081095
13675824 1 -16 158 -1282 9615 -71321 | 40319 362815 3626192 39832414 476565897 6161070074
14568273 1 -16 158 -1282 9615 -71291 | 40319 362815 3626192 39832414 476565897 6161070044
13678254 1 -16 157 -1250 9014 -62345 | 40319 362815 3626193 39832503 476570602 6161264067
32718564 1 -16 157 -1250 9014 -62345 | 40319 362815 3626193 39832503 476570602 6161264067
13678524 1 -16 157 -1254 9202 -67579 | 40319 362815 3626193 39832507 476570990 6161286201
15672843 1 -16 157 -1254 9202 -67394 | 40319 362815 3626193 39832507 476570990 6161286016
13682754 1 -16 159 -1306 9820 -69383 | 40319 362815 3626191 39832317 476560436 6160834747
14857236 1 -16 159 -1306 9820 -69084 | 40319 362815 3626191 39832317 476560436 6160834448
13684527 1 -16 159 -1307 9877 -70946 | 40319 362815 3626191 39832318 476560523 6160838845
14672853 1 -16 159 -1307 9877 -70829 | 40319 362815 3626191 39832318 476560523 6160838728
13684725 1 -16 160 -1348 10829 -87476 | 40319 362815 3626190 39832238 476556763 6160702599
13852647 1 -16 160 -1348 10829 -87652 | 40319 362815 3626190 39832238 476556763 6160702775
13687425 1 -16 158 -1276 9363 -65579 | 40319 362815 3626192 39832408 476565285 6161033912
13768425 1 -16 158 -1276 9363 -65566 | 40319 362815 3626192 39832408 476565285 6161033899
13726584 1 -16 159 -1317 10254 -78957 | 40319 362815 3626191 39832328 476561586 6160904823
16374852 1 -16 159 -1317 10254 -78579 | 40319 362815 3626191 39832328 476561586 6160904445
13745826 1 -16 159 -1297 9404 -57947 | 40319 362815 3626191 39832308 476559556 6160784103
13865274 1 -16 159 -1297 9404 -58022 | 40319 362815 3626191 39832308 476559556 6160784178
13746582 1 -16 158 -1292 10026 -80811 | 40319 362815 3626192 39832424 476566926 6161131785
13754682 1 -16 158 -1292 10026 -80743 | 40319 362815 3626192 39832424 476566926 6161131717
13762584 1 -16 159 -1302 9626 -64049 | 40319 362815 3626191 39832313 476560054 6160813527
13764285 1 -16 159 -1302 9626 -64082 | 40319 362815 3626191 39832313 476560054 6160813560
23571486 1 -16 159 -1302 9626 -63559 | 40319 362815 3626191 39832313 476560054 6160813037
13765284 1 -16 158 -1274 9296 -64933 | 40319 362815 3626192 39832406 476565064 6161020253
27156843 1 -16 158 -1274 9296 -63984 | 40319 362815 3626192 39832406 476565064 6161019304
13765824 1 -16 157 -1248 8945 -61433 | 40319 362815 3626193 39832501 476570383 6161250480
14576283 1 -16 157 -1248 8945 -61011 | 40319 362815 3626193 39832501 476570383 6161250058
13768245 1 -16 157 -1241 8647 -54234 | 40319 362815 3626193 39832494 476569673 6161208467
32485176 1 -16 157 -1241 8647 -53748 | 40319 362815 3626193 39832494 476569673 6161207981
13768542 1 -16 157 -1257 9264 -66901 | 40319 362815 3626193 39832510 476571360 6161311549
13825467 1 -16 157 -1257 9264 -67323 | 40319 362815 3626193 39832510 476571360 6161311971
13784256 1 -16 158 -1278 9426 -66382 | 40319 362815 3626192 39832410 476565510 6161048404
14872653 1 -16 158 -1278 9426 -66361 | 40319 362815 3626192 39832410 476565510 6161048383
46718325 1 -16 158 -1278 9426 -65435 | 40319 362815 3626192 39832410 476565510 6161047457
13784265 1 -16 158 -1274 9276 -63601 | 40319 362815 3626192 39832406 476565084 6161022301
25147863 1 -16 158 -1274 9276 -63410 | 40319 362815 3626192 39832406 476565084 6161022110
13784526 1 -16 158 -1275 9299 -63173 | 40319 362815 3626192 39832407 476565205 6161030154
26138754 1 -16 158 -1275 9299 -63345 | 40319 362815 3626192 39832407 476565205 6161030326
13785264 1 -16 159 -1314 10167 -77803 | 40319 362815 3626191 39832325 476561241 6160881868
13875246 1 -16 159 -1314 10167 -77808 | 40319 362815 3626191 39832325 476561241 6160881873
13785462 1 -16 157 -1249 8946 -59905 | 40319 362815 3626193 39832502 476570526 6161260951
14837652 1 -16 157 -1249 8946 -60383 | 40319 362815 3626193 39832502 476570526 6161261429
13786452 1 -16 156 -1220 8484 -54735 | 40319 362815 3626194 39832594 476575524 6161471763
15346872 1 -16 156 -1220 8484 -54830 | 40319 362815 3626194 39832594 476575524 6161471858
13826745 1 -16 157 -1256 9253 -68100 | 40319 362815 3626193 39832509 476571227 6161302439
16574823 1 -16 157 -1256 9253 -67667 | 40319 362815 3626193 39832509 476571227 6161302006
13826754 1 -16 157 -1256 9246 -67593 | 40319 362815 3626193 39832509 476571234 6161303115
15764832 1 -16 157 -1256 9246 -67484 | 40319 362815 3626193 39832509 476571234 6161303006
13827564 1 -16 157 -1261 9454 -72490 | 40319 362815 3626193 39832514 476571746 6161333700
14675832 1 -16 157 -1261 9454 -72131 | 40319 362815 3626193 39832514 476571746 6161333341
13827645 1 -16 157 -1259 9373 -70555 | 40319 362815 3626193 39832512 476571539 6161321118
25678314 1 -16 157 -1259 9373 -69959 | 40319 362815 3626193 39832512 476571539 6161320522
13842576 1 -16 158 -1284 9683 -72872 | 40319 362815 3626192 39832416 476566117 6161084469
14756382 1 -16 158 -1284 9683 -72401 | 40319 362815 3626192 39832416 476566117 6161083998
13842675 1 -16 158 -1276 9331 -64020 | 40319 362815 3626192 39832408 476565317 6161037761
13842756 1 -16 158 -1276 9331 -64117 | 40319 362815 3626192 39832408 476565317 6161037858
13845267 1 -16 158 -1278 9421 -66055 | 40319 362815 3626192 39832410 476565515 6161048922
17648325 1 -16 158 -1278 9421 -66123 | 40319 362815 3626192 39832410 476565515 6161048990
13845672 1 -16 156 -1228 8832 -63434 | 40319 362815 3626194 39832602 476576328 6161518994
16758423 1 -16 156 -1228 8832 -63476 | 40319 362815 3626194 39832602 476576328 6161519036
13846257 1 -16 160 -1348 10841 -88256 | 40319 362815 3626190 39832238 476556751 6160701351
17483625 1 -16 160 -1348 10841 -88262 | 40319 362815 3626190 39832238 476556751 6160701357
13846527 1 -16 158 -1272 9195 -61501 | 40319 362815 3626192 39832404 476564877 6161009554
13854627 1 -16 158 -1272 9195 -61472 | 40319 362815 3626192 39832404 476564877 6161009525
13847526 1 -16 160 -1346 10781 -87448 | 40319 362815 3626190 39832236 476556523 6160686347
17483526 1 -16 160 -1346 10781 -87582 | 40319 362815 3626190 39832236 476556523 6160686481
24168537 1 -16 160 -1346 10781 -87520 | 40319 362815 3626190 39832236 476556523 6160686419
13847625 1 -16 159 -1307 9868 -70592 | 40319 362815 3626191 39832318 476560532 6160840012
14758326 1 -16 159 -1307 9868 -70547 | 40319 362815 3626191 39832318 476560532 6160839967
13856274 1 -16 159 -1310 10025 -75144 | 40319 362815 3626191 39832321 476560807 6160854535
23648175 1 -16 159 -1310 10025 -75070 | 40319 362815 3626191 39832321 476560807 6160854461
13856427 1 -16 158 -1272 9189 -61280 | 40319 362815 3626192 39832404 476564883 6161010347
13864527 1 -16 158 -1272 9189 -61256 | 40319 362815 3626192 39832404 476564883 6161010323
13857264 1 -16 160 -1346 10746 -85644 | 40319 362815 3626190 39832236 476556558 6160690458
13864275 1 -16 160 -1346 10746 -85745 | 40319 362815 3626190 39832236 476556558 6160690559
13865247 1 -16 159 -1309 9968 -73296 | 40319 362815 3626191 39832320 476560720 6160850152
15387264 1 -16 159 -1309 9968 -73390 | 40319 362815 3626191 39832320 476560720 6160850246
13867254 1 -16 157 -1244 8770 -57259 | 40319 362815 3626193 39832497 476569982 6161227209
32617854 1 -16 157 -1244 8770 -56836 | 40319 362815 3626193 39832497 476569982 6161226786
13867452 1 -16 156 -1225 8685 -59337 | 40319 362815 3626194 39832599 476576043 6161503236
25678134 1 -16 156 -1225 8685 -58993 | 40319 362815 3626194 39832599 476576043 6161502892
13872654 1 -16 157 -1254 9163 -65715 | 40319 362815 3626193 39832507 476571029 6161290928
16548372 1 -16 157 -1254 9163 -65639 | 40319 362815 3626193 39832507 476571029 6161290852
13875462 1 -16 157 -1253 9107 -63520 | 40319 362815 3626193 39832506 476570941 6161286029
14865732 1 -16 157 -1253 9107 -63584 | 40319 362815 3626193 39832506 476570941 6161286093
13875624 1 -16 157 -1253 9120 -64396 | 40319 362815 3626193 39832506 476570928 6161284708
14653782 1 -16 157 -1253 9120 -64356 | 40319 362815 3626193 39832506 476570928 6161284668
13876245 1 -16 157 -1248 8932 -60890 | 40319 362815 3626193 39832501 476570396 6161252134
27854613 1 -16 157 -1248 8932 -60255 | 40319 362815 3626193 39832501 476570396 6161251499
14356872 1 -16 155 -1192 8061 -50460 | 40319 362815 3626195 39832687 476580627 6161689047
14567238 1 -16 155 -1192 8061 -50410 | 40319 362815 3626195 39832687 476580627 6161688997
14567328 1 -16 155 -1192 8061 -50342 | 40319 362815 3626195 39832687 476580627 6161688929
14358627 1 -16 158 -1284 9705 -73994 | 40319 362815 3626192 39832416 476566095 6161081873
14562837 1 -16 158 -1284 9705 -73997 | 40319 362815 3626192 39832416 476566095 6161081876
14358762 1 -16 155 -1192 8079 -51535 | 40319 362815 3626195 39832687 476580609 6161687080
15436872 1 -16 155 -1192 8079 -51606 | 40319 362815 3626195 39832687 476580609 6161687151
14367285 1 -16 158 -1277 9362 -64164 | 40319 362815 3626192 39832409 476565430 6161044834
17548362 1 -16 158 -1277 9362 -64127 | 40319 362815 3626192 39832409 476565430 6161044797
14367825 1 -16 157 -1249 8962 -60919 | 40319 362815 3626193 39832502 476570510 6161259261
16853427 1 -16 157 -1249 8962 -61147 | 40319 362815 3626193 39832502 476570510 6161259489
14368275 1 -16 159 -1310 9991 -73657 | 40319 362815 3626191 39832321 476560841 6160858794
14752386 1 -16 159 -1310 9991 -73719 | 40319 362815 3626191 39832321 476560841 6160858856
14368527 1 -16 159 -1315 10206 -78610 | 40319 362815 3626191 39832326 476561346 6160888252
25137846 1 -16 159 -1315 10206 -78825 | 40319 362815 3626191 39832326 476561346 6160888467
14368572 1 -16 157 -1258 9314 -68466 | 40319 362815 3626193 39832511 476571454 6161316832
14375862 1 -16 157 -1258 9314 -68434 | 40319 362815 3626193 39832511 476571454 6161316800
14376285 1 -16 158 -1273 9187 -59953 | 40319 362815 3626192 39832405 476565029 6161021526
14573286 1 -16 158 -1273 9187 -60084 | 40319 362815 3626192 39832405 476565029 6161021657
14376528 1 -16 156 -1222 8527 -55016 | 40319 362815 3626194 39832596 476575769 6161489113
15674832 1 -16 156 -1222 8527 -54505 | 40319 362815 3626194 39832596 476575769 6161488602
14376582 1 -16 155 -1193 8095 -51015 | 40319 362815 3626195 39832688 476580737 6161696024
15437682 1 -16 155 -1193 8095 -51161 | 40319 362815 3626195 39832688 476580737 6161696170
14376825 1 -16 157 -1243 8709 -54904 | 40319 362815 3626193 39832496 476569899 6161222995
25418763 1 -16 157 -1243 8709 -54559 | 40319 362815 3626193 39832496 476569899 6161222650
32618754 1 -16 157 -1243 8709 -54961 | 40319 362815 3626193 39832496 476569899 6161223052
14378562 1 -16 156 -1219 8433 -53275 | 40319 362815 3626194 39832593 476575431 6161466754
16754832 1 -16 156 -1219 8433 -53330 | 40319 362815 3626194 39832593 476575431 6161466809
32481765 1 -16 156 -1219 8433 -53270 | 40319 362815 3626194 39832593 476575431 6161466749
14385726 1 -16 159 -1312 10095 -76621 | 40319 362815 3626191 39832323 476561025 6160868518
16478253 1 -16 159 -1312 10095 -76505 | 40319 362815 3626191 39832323 476561025 6160868402
24156837 1 -16 159 -1312 10095 -76694 | 40319 362815 3626191 39832323 476561025 6160868591
14386527 1 -16 158 -1275 9282 -62388 | 40319 362815 3626192 39832407 476565222 6161032242
14853276 1 -16 158 -1275 9282 -62558 | 40319 362815 3626192 39832407 476565222 6161032412
14386572 1 -16 157 -1256 9262 -68162 | 40319 362815 3626193 39832509 476571218 6161300980
27856314 1 -16 157 -1256 9262 -67853 | 40319 362815 3626193 39832509 476571218 6161300671
14527863 1 -16 157 -1238 8479 -49046 | 40319 362815 3626193 39832491 476569409 6161195167
14783265 1 -16 157 -1238 8479 -48970 | 40319 362815 3626193 39832491 476569409 6161195091
14537682 1 -16 156 -1220 8474 -54281 | 40319 362815 3626194 39832594 476575534 6161472999
15347682 1 -16 156 -1220 8474 -54263 | 40319 362815 3626194 39832594 476575534 6161472981
14538672 1 -16 156 -1208 7950 -41142 | 40319 362815 3626194 39832582 476574330 6161402400
15347862 1 -16 156 -1208 7950 -41099 | 40319 362815 3626194 39832582 476574330 6161402357
14567382 1 -16 156 -1226 8746 -61263 | 40319 362815 3626194 39832600 476576126 6161507021
34281765 1 -16 156 -1226 8746 -61306 | 40319 362815 3626194 39832600 476576126 6161507064
14567823 1 -16 154 -1166 7688 -46234 | 40319 362815 3626196 39832782 476585968 6161922266
14567832 1 -16 154 -1166 7688 -46234 | 40319 362815 3626196 39832782 476585968 6161922266
14568372 1 -16 158 -1285 9699 -71963 | 40319 362815 3626192 39832417 476566245 6161093024
16854372 1 -16 158 -1285 9699 -72274 | 40319 362815 3626192 39832417 476566245 6161093335
14568723 1 -16 155 -1192 8053 -49848 | 40319 362815 3626195 39832687 476580635 6161689787
14568732 1 -16 155 -1192 8053 -49862 | 40319 362815 3626195 39832687 476580635 6161689801
14576823 1 -16 155 -1191 8008 -48737 | 40319 362815 3626195 39832686 476580536 6161684113
14576832 1 -16 155 -1191 8008 -48763 | 40319 362815 3626195 39832686 476580536 6161684139
14657823 1 -16 155 -1191 8008 -48743 | 40319 362815 3626195 39832686 476580536 6161684119
14657832 1 -16 155 -1191 8008 -48776 | 40319 362815 3626195 39832686 476580536 6161684152
14578362 1 -16 158 -1278 9363 -62783 | 40319 362815 3626192 39832410 476565573 6161055452
16387542 1 -16 158 -1278 9363 -62879 | 40319 362815 3626192 39832410 476565573 6161055548
14578623 1 -16 156 -1220 8461 -53301 | 40319 362815 3626194 39832594 476575547 6161474216
14578632 1 -16 156 -1220 8461 -53365 | 40319 362815 3626194 39832594 476575547 6161474280
14583627 1 -16 159 -1299 9506 -61029 | 40319 362815 3626191 39832310 476559742 6160794283
15842763 1 -16 159 -1299 9506 -61364 | 40319 362815 3626191 39832310 476559742 6160794618
14586327 1 -16 158 -1275 9290 -62548 | 40319 362815 3626192 39832407 476565214 6161031050
14826753 1 -16 158 -1275 9290 -62926 | 40319 362815 3626192 39832407 476565214 6161031428
14586723 1 -16 156 -1222 8543 -55274 | 40319 362815 3626194 39832596 476575753 6161486667
14586732 1 -16 156 -1222 8543 -55270 | 40319 362815 3626194 39832596 476575753 6161486663
14587263 1 -16 158 -1272 9181 -60693 | 40319 362815 3626192 39832404 476564891 6161011112
25178346 1 -16 158 -1272 9181 -60107 | 40319 362815 3626192 39832404 476564891 6161010526
14632857 1 -16 159 -1317 10263 -79513 | 40319 362815 3626191 39832328 476561577 6160903858
17584362 1 -16 159 -1317 10263 -79127 | 40319 362815 3626191 39832328 476561577 6160903472
14653872 1 -16 157 -1253 9117 -64080 | 40319 362815 3626193 39832506 476570931 6161284899
14657382 1 -16 157 -1253 9117 -64093 | 40319 362815 3626193 39832506 476570931 6161284912
14657238 1 -16 156 -1219 8443 -53892 | 40319 362815 3626194 39832593 476575421 6161465681
17645832 1 -16 156 -1219 8443 -53798 | 40319 362815 3626194 39832593 476575421 6161465587
14658237 1 -16 157 -1238 8502 -50164 | 40319 362815 3626193 39832491 476569386 6161192398
14658327 1 -16 157 -1238 8502 -50433 | 40319 362815 3626193 39832491 476569386 6161192667
14658273 1 -16 158 -1278 9452 -67803 | 40319 362815 3626192 39832410 476565484 6161045431
27143865 1 -16 158 -1278 9452 -67775 | 40319 362815 3626192 39832410 476565484 6161045403
14658723 1 -16 155 -1190 7969 -47896 | 40319 362815 3626195 39832685 476580431 6161677695
14658732 1 -16 155 -1190 7969 -47950 | 40319 362815 3626195 39832685 476580431 6161677749
17654823 1 -16 155 -1190 7969 -48031 | 40319 362815 3626195 39832685 476580431 6161677830
14672358 1 -16 157 -1247 8854 -58045 | 40319 362815 3626193 39832500 476570330 6161250303
15784326 1 -16 157 -1247 8854 -57726 | 40319 362815 3626193 39832500 476570330 6161249984
14675238 1 -16 157 -1253 9141 -65858 | 40319 362815 3626193 39832506 476570907 6161282621
18645372 1 -16 157 -1253 9141 -65666 | 40319 362815 3626193 39832506 476570907 6161282429
23461785 1 -16 157 -1253 9141 -65029 | 40319 362815 3626193 39832506 476570907 6161281792
14687253 1 -16 158 -1276 9352 -64961 | 40319 362815 3626192 39832408 476565296 6161035153
24168735 1 -16 158 -1276 9352 -64372 | 40319 362815 3626192 39832408 476565296 6161034564
14687532 1 -16 157 -1257 9277 -67692 | 40319 362815 3626193 39832510 476571347 6161310143
14768532 1 -16 157 -1257 9277 -67780 | 40319 362815 3626193 39832510 476571347 6161310231
14738652 1 -16 159 -1310 9966 -71781 | 40319 362815 3626191 39832321 476560866 6160861143
14835267 1 -16 159 -1310 9966 -72220 | 40319 362815 3626191 39832321 476560866 6160861582
14756823 1 -16 157 -1258 9333 -69366 | 40319 362815 3626193 39832511 476571435 6161314521
14756832 1 -16 157 -1258 9333 -69384 | 40319 362815 3626193 39832511 476571435 6161314539
15746823 1 -16 157 -1258 9333 -69561 | 40319 362815 3626193 39832511 476571435 6161314716
14762835 1 -16 159 -1306 9880 -72291 | 40319 362815 3626191 39832317 476560376 6160827515
25176483 1 -16 159 -1306 9880 -72347 | 40319 362815 3626191 39832317 476560376 6160827571
14763825 1 -16 159 -1298 9500 -62164 | 40319 362815 3626191 39832309 476559604 6160784264
25843716 1 -16 159 -1298 9500 -61522 | 40319 362815 3626191 39832309 476559604 6160783622
14768253 1 -16 158 -1276 9358 -65342 | 40319 362815 3626192 39832408 476565290 6161034520
24578136 1 -16 158 -1276 9358 -64482 | 40319 362815 3626192 39832408 476565290 6161033660
14768325 1 -16 157 -1241 8648 -54286 | 40319 362815 3626193 39832494 476569672 6161208350
32618745 1 -16 157 -1241 8648 -54150 | 40319 362815 3626193 39832494 476569672 6161208214
14782635 1 -16 159 -1306 9848 -70837 | 40319 362815 3626191 39832317 476560408 6160831469
15748236 1 -16 159 -1306 9848 -70833 | 40319 362815 3626191 39832317 476560408 6160831465
14782653 1 -16 158 -1273 9204 -60718 | 40319 362815 3626192 39832405 476565012 6161019418
23658417 1 -16 158 -1273 9204 -60284 | 40319 362815 3626192 39832405 476565012 6161018984
14786532 1 -16 156 -1220 8470 -54071 | 40319 362815 3626194 39832594 476575538 6161473465
17456823 1 -16 156 -1220 8470 -53719 | 40319 362815 3626194 39832594 476575538 6161473113
14832567 1 -16 157 -1249 8940 -60201 | 40319 362815 3626193 39832502 476570532 6161262261
16584327 1 -16 157 -1249 8940 -60053 | 40319 362815 3626193 39832502 476570532 6161262113
14836572 1 -16 158 -1278 9375 -63351 | 40319 362815 3626192 39832410 476565561 6161053992
16374582 1 -16 158 -1278 9375 -63287 | 40319 362815 3626192 39832410 476565561 6161053928
14853672 1 -16 159 -1312 10069 -74790 | 40319 362815 3626191 39832323 476561051 6160871081
25318476 1 -16 159 -1312 10069 -75258 | 40319 362815 3626191 39832323 476561051 6160871549
14862735 1 -16 160 -1345 10738 -86515 | 40319 362815 3626190 39832235 476556422 6160680513
15738426 1 -16 160 -1345 10738 -86573 | 40319 362815 3626190 39832235 476556422 6160680571
14862753 1 -16 160 -1341 10531 -80406 | 40319 362815 3626190 39832231 476556053 6160660715
17463825 1 -16 160 -1341 10531 -80330 | 40319 362815 3626190 39832231 476556053 6160660639
14865237 1 -16 158 -1272 9205 -62021 | 40319 362815 3626192 39832404 476564867 6161008384
15762483 1 -16 158 -1272 9205 -62164 | 40319 362815 3626192 39832404 476564867 6161008527
14867235 1 -16 157 -1246 8813 -56514 | 40319 362815 3626193 39832499 476570227 6161243533
15483762 1 -16 157 -1246 8813 -56878 | 40319 362815 3626193 39832499 476570227 6161243897
14867532 1 -16 156 -1222 8556 -56205 | 40319 362815 3626194 39832596 476575740 6161485401
23457816 1 -16 156 -1222 8556 -55751 | 40319 362815 3626194 39832596 476575740 6161484947
14872635 1 -16 159 -1306 9838 -70275 | 40319 362815 3626191 39832317 476560418 6160832597
23684715 1 -16 159 -1306 9838 -69950 | 40319 362815 3626191 39832317 476560418 6160832272
15347826 1 -16 157 -1237 8469 -49821 | 40319 362815 3626193 39832490 476569275 6161185464
15683247 1 -16 157 -1237 8469 -49530 | 40319 362815 3626193 39832490 476569275 6161185173
15348762 1 -16 156 -1221 8546 -57029 | 40319 362815 3626194 39832595 476575606 6161475747
15672834 1 -16 156 -1221 8546 -56756 | 40319 362815 3626194 39832595 476575606 6161475474
15362784 1 -16 159 -1308 9876 -69915 | 40319 362815 3626191 39832319 476560668 6160850151
15384267 1 -16 159 -1308 9876 -70103 | 40319 362815 3626191 39832319 476560668 6160850339
15378642 1 -16 158 -1284 9653 -71073 | 40319 362815 3626192 39832416 476566147 6161087740
18465372 1 -16 158 -1284 9653 -70800 | 40319 362815 3626192 39832416 476566147 6161087467
15382764 1 -16 158 -1282 9566 -68998 | 40319 362815 3626192 39832414 476565946 6161076032
24183657 1 -16 158 -1282 9566 -68509 | 40319 362815 3626192 39832414 476565946 6161075543
15386427 1 -16 160 -1344 10645 -82810 | 40319 362815 3626190 39832234 476556371 6160680357
15836427 1 -16 160 -1344 10645 -82801 | 40319 362815 3626190 39832234 476556371 6160680348
15386472 1 -16 160 -1351 10945 -89884 | 40319 362815 3626190 39832241 476557079 6160721907
15748362 1 -16 160 -1351 10945 -89996 | 40319 362815 3626190 39832241 476557079 6160722019
15436782 1 -16 155 -1194 8126 -51490 | 40319 362815 3626195 39832689 476580850 6161703428
16543872 1 -16 155 -1194 8126 -51498 | 40319 362815 3626195 39832689 476580850 6161703436
15463827 1 -16 158 -1286 9778 -75524 | 40319 362815 3626192 39832418 476566310 6161095402
23485716 1 -16 158 -1286 9778 -74851 | 40319 362815 3626192 39832418 476566310 6161094729
15467823 1 -16 155 -1192 8050 -49789 | 40319 362815 3626195 39832687 476580638 6161690235
15467832 1 -16 155 -1192 8050 -49841 | 40319 362815 3626195 39832687 476580638 6161690287
15468372 1 -16 158 -1278 9384 -63826 | 40319 362815 3626192 39832410 476565552 6161052946
17384652 1 -16 158 -1278 9384 -63882 | 40319 362815 3626192 39832410 476565552 6161053002
15468723 1 -16 155 -1185 7767 -43348 | 40319 362815 3626195 39832680 476579913 6161646445
15468732 1 -16 155 -1185 7767 -43424 | 40319 362815 3626195 39832680 476579913 6161646521
15473862 1 -16 159 -1315 10182 -77108 | 40319 362815 3626191 39832326 476561370 6160890806
17635842 1 -16 159 -1315 10182 -77226 | 40319 362815 3626191 39832326 476561370 6160890924
15482367 1 -16 157 -1236 8407 -47808 | 40319 362815 3626193 39832489 476569193 6161181761
15487326 1 -16 157 -1236 8407 -47721 | 40319 362815 3626193 39832489 476569193 6161181674
15487623 1 -16 155 -1187 7861 -46037 | 40319 362815 3626195 39832682 476580107 6161657584
16548723 1 -16 155 -1187 7861 -46077 | 40319 362815 3626195 39832682 476580107 6161657624
15638427 1 -16 159 -1308 9904 -71390 | 40319 362815 3626191 39832319 476560640 6160846894
15748326 1 -16 159 -1308 9904 -71348 | 40319 362815 3626191 39832319 476560640 6160846852
32618475 1 -16 159 -1308 9904 -71394 | 40319 362815 3626191 39832319 476560640 6160846898
15638742 1 -16 158 -1277 9323 -61983 | 40319 362815 3626192 39832409 476565469 6161049244
15834672 1 -16 158 -1277 9323 -61774 | 40319 362815 3626192 39832409 476565469 6161049035
15642837 1 -16 158 -1276 9354 -65612 | 40319 362815 3626192 39832408 476565294 6161035466
23578416 1 -16 158 -1276 9354 -64395 | 40319 362815 3626192 39832408 476565294 6161034249
15672384 1 -16 157 -1250 9033 -63467 | 40319 362815 3626193 39832503 476570583 6161261978
26783145 1 -16 157 -1250 9033 -63112 | 40319 362815 3626193 39832503 476570583 6161261623
15678234 1 -16 154 -1166 7705 -47186 | 40319 362815 3626196 39832782 476585951 6161920345
15678432 1 -16 154 -1166 7705 -47287 | 40319 362815 3626196 39832782 476585951 6161920446
15687243 1 -16 155 -1184 7766 -44607 | 40319 362815 3626195 39832679 476579770 6161635705
15687324 1 -16 155 -1184 7766 -44592 | 40319 362815 3626195 39832679 476579770 6161635690
16578243 1 -16 155 -1184 7766 -44650 | 40319 362815 3626195 39832679 476579770 6161635748
16578324 1 -16 155 -1184 7766 -44748 | 40319 362815 3626195 39832679 476579770 6161635846
15687342 1 -16 155 -1191 8022 -49508 | 40319 362815 3626195 39832686 476580522 6161682518
16578342 1 -16 155 -1191 8022 -49571 | 40319 362815 3626195 39832686 476580522 6161682581
15687423 1 -16 155 -1191 8029 -49730 | 40319 362815 3626195 39832686 476580515 6161681557
16578423 1 -16 155 -1191 8029 -49868 | 40319 362815 3626195 39832686 476580515 6161681695
15746382 1 -16 158 -1290 9922 -78008 | 40319 362815 3626192 39832422 476566742 6161122222
16475382 1 -16 158 -1290 9922 -77929 | 40319 362815 3626192 39832422 476566742 6161122143
15762843 1 -16 157 -1240 8617 -53865 | 40319 362815 3626193 39832493 476569559 6161201000
23657184 1 -16 157 -1240 8617 -53079 | 40319 362815 3626193 39832493 476569559 6161200214
15768243 1 -16 155 -1185 7785 -44435 | 40319 362815 3626195 39832680 476579895 6161644490
15768324 1 -16 155 -1185 7785 -44442 | 40319 362815 3626195 39832680 476579895 6161644497
15782634 1 -16 158 -1276 9288 -61402 | 40319 362815 3626192 39832408 476565360 6161042410
16748325 1 -16 158 -1276 9288 -61264 | 40319 362815 3626192 39832408 476565360 6161042272
15786243 1 -16 156 -1220 8521 -56803 | 40319 362815 3626194 39832594 476575487 6161467578
15786324 1 -16 156 -1220 8521 -56787 | 40319 362815 3626194 39832594 476575487 6161467562
15834762 1 -16 158 -1274 9240 -61254 | 40319 362815 3626192 39832406 476565120 6161026038
24518376 1 -16 158 -1274 9240 -61403 | 40319 362815 3626192 39832406 476565120 6161026187
15836247 1 -16 160 -1344 10657 -83445 | 40319 362815 3626190 39832234 476556359 6160678964
17358624 1 -16 160 -1344 10657 -83156 | 40319 362815 3626190 39832234 476556359 6160678675
15837624 1 -16 159 -1309 9969 -73578 | 40319 362815 3626191 39832320 476560719 6160850265
17356824 1 -16 159 -1309 9969 -73215 | 40319 362815 3626191 39832320 476560719 6160849902
15846237 1 -16 159 -1311 10074 -76810 | 40319 362815 3626191 39832322 476560902 6160860088
25164873 1 -16 159 -1311 10074 -76483 | 40319 362815 3626191 39832322 476560902 6160859761
15862473 1 -16 160 -1336 10349 -76975 | 40319 362815 3626190 39832226 476555515 6160627202
26148573 1 -16 160 -1336 10349 -76763 | 40319 362815 3626190 39832226 476555515 6160626990
15863427 1 -16 158 -1280 9535 -69908 | 40319 362815 3626192 39832412 476565689 6161057845
34172865 1 -16 158 -1280 9535 -69336 | 40319 362815 3626192 39832412 476565689 6161057273
15864723 1 -16 159 -1328 10784 -93283 | 40319 362815 3626191 39832339 476562640 6160963427
17468523 1 -16 159 -1328 10784 -93259 | 40319 362815 3626191 39832339 476562640 6160963403
15867243 1 -16 156 -1220 8528 -57205 | 40319 362815 3626194 39832594 476575480 6161466797
15867324 1 -16 156 -1220 8528 -57206 | 40319 362815 3626194 39832594 476575480 6161466798
16758243 1 -16 156 -1220 8528 -57164 | 40319 362815 3626194 39832594 476575480 6161466756
15867423 1 -16 156 -1228 8840 -63850 | 40319 362815 3626194 39832602 476576320 6161518058
16783425 1 -16 156 -1228 8840 -63736 | 40319 362815 3626194 39832602 476576320 6161517944
15873246 1 -16 157 -1240 8602 -52991 | 40319 362815 3626193 39832493 476569574 6161202661
16583427 1 -16 157 -1240 8602 -53240 | 40319 362815 3626193 39832493 476569574 6161202910
15873264 1 -16 158 -1273 9212 -61036 | 40319 362815 3626192 39832405 476565004 6161018384
16478325 1 -16 158 -1273 9212 -61343 | 40319 362815 3626192 39832405 476565004 6161018691
15876234 1 -16 155 -1190 7980 -48502 | 40319 362815 3626195 39832685 476580420 6161676442
16784325 1 -16 155 -1190 7980 -48545 | 40319 362815 3626195 39832685 476580420 6161676485
15876423 1 -16 155 -1189 7920 -46560 | 40319 362815 3626195 39832684 476580336 6161672472
17658342 1 -16 155 -1189 7920 -46716 | 40319 362815 3626195 39832684 476580336 6161672628
16354872 1 -16 157 -1252 9103 -64822 | 40319 362815 3626193 39832505 476570801 6161275839
24165873 1 -16 157 -1252 9103 -64542 | 40319 362815 3626193 39832505 476570801 6161275559
16435782 1 -16 157 -1254 9151 -64679 | 40319 362815 3626193 39832507 476571041 6161291920
24856713 1 -16 157 -1254 9151 -64288 | 40319 362815 3626193 39832507 476571041 6161291529
16435827 1 -16 158 -1278 9440 -67461 | 40319 362815 3626192 39832410 476565496 6161047117
17534862 1 -16 158 -1278 9440 -67194 | 40319 362815 3626192 39832410 476565496 6161046850
17548326 1 -16 158 -1278 9440 -67098 | 40319 362815 3626192 39832410 476565496 6161046754
16438275 1 -16 158 -1282 9603 -71056 | 40319 362815 3626192 39832414 476565909 6161071837
25138674 1 -16 158 -1282 9603 -71170 | 40319 362815 3626192 39832414 476565909 6161071951
16458723 1 -16 156 -1217 8372 -52402 | 40319 362815 3626194 39832591 476575204 6161451854
16458732 1 -16 156 -1217 8372 -52513 | 40319 362815 3626194 39832591 476575204 6161451965
16473825 1 -16 160 -1344 10684 -84815 | 40319 362815 3626190 39832234 476556332 6160675771
25164837 1 -16 160 -1344 10684 -85115 | 40319 362815 3626190 39832234 476556332 6160676071
16478523 1 -16 158 -1292 10004 -79676 | 40319 362815 3626192 39832424 476566948 6161134368
16854723 1 -16 158 -1292 10004 -79776 | 40319 362815 3626192 39832424 476566948 6161134468
16538724 1 -16 158 -1274 9206 -59481 | 40319 362815 3626192 39832406 476565154 6161030011
17435862 1 -16 158 -1274 9206 -59026 | 40319 362815 3626192 39832406 476565154 6161029556
16573482 1 -16 157 -1249 8968 -61179 | 40319 362815 3626193 39832502 476570504 6161258507
25647813 1 -16 157 -1249 8968 -60899 | 40319 362815 3626193 39832502 476570504 6161258227
16574283 1 -16 158 -1284 9743 -76229 | 40319 362815 3626192 39832416 476566057 6161077686
26435817 1 -16 158 -1284 9743 -75535 | 40319 362815 3626192 39832416 476566057 6161076992
16578234 1 -16 155 -1192 8062 -50343 | 40319 362815 3626195 39832687 476580626 6161688761
23176854 1 -16 155 -1192 8062 -50461 | 40319 362815 3626195 39832687 476580626 6161688879
16587243 1 -16 155 -1184 7773 -45135 | 40319 362815 3626195 39832679 476579763 6161635050
16587324 1 -16 155 -1184 7773 -45215 | 40319 362815 3626195 39832679 476579763 6161635130
16587342 1 -16 155 -1190 7976 -48407 | 40319 362815 3626195 39832685 476580424 6161677023
23165874 1 -16 155 -1190 7976 -48296 | 40319 362815 3626195 39832685 476580424 6161676912
16783452 1 -16 154 -1165 7659 -45985 | 40319 362815 3626196 39832781 476585853 6161914750
17845632 1 -16 154 -1165 7659 -46078 | 40319 362815 3626196 39832781 476585853 6161914843
16783524 1 -16 156 -1230 8916 -65525 | 40319 362815 3626194 39832604 476576532 6161531225
16784253 1 -16 156 -1230 8916 -65527 | 40319 362815 3626194 39832604 476576532 6161531227
16785234 1 -16 154 -1164 7639 -46025 | 40319 362815 3626196 39832780 476585729 6161906002
16785423 1 -16 154 -1164 7639 -46050 | 40319 362815 3626196 39832780 476585729 6161906027
16785324 1 -16 155 -1196 8238 -54836 | 40319 362815 3626195 39832691 476581026 6161712182
16873452 1 -16 155 -1196 8238 -54923 | 40319 362815 3626195 39832691 476581026 6161712269
17683452 1 -16 155 -1196 8238 -54883 | 40319 362815 3626195 39832691 476581026 6161712229
16834752 1 -16 159 -1315 10166 -76181 | 40319 362815 3626191 39832326 476561386 6160892583
17483562 1 -16 159 -1315 10166 -76237 | 40319 362815 3626191 39832326 476561386 6160892639
16845723 1 -16 157 -1256 9198 -64576 | 40319 362815 3626193 39832509 476571282 6161308210
17485632 1 -16 157 -1256 9198 -64663 | 40319 362815 3626193 39832509 476571282 6161308297
16857243 1 -16 156 -1220 8504 -56084 | 40319 362815 3626194 39832594 476575504 6161469732
17586324 1 -16 156 -1220 8504 -56065 | 40319 362815 3626194 39832594 476575504 6161469713
16873425 1 -16 156 -1220 8551 -58446 | 40319 362815 3626194 39832594 476575457 6161464151
17568324 1 -16 156 -1220 8551 -58468 | 40319 362815 3626194 39832594 476575457 6161464173
17438625 1 -16 159 -1299 9535 -62747 | 40319 362815 3626191 39832310 476559713 6160791100
27163854 1 -16 159 -1299 9535 -62460 | 40319 362815 3626191 39832310 476559713 6160790813
17453682 1 -16 158 -1284 9706 -73710 | 40319 362815 3626192 39832416 476566094 6161081420
27134586 1 -16 158 -1284 9706 -73707 | 40319 362815 3626192 39832416 476566094 6161081417
17458326 1 -16 158 -1266 8929 -54610 | 40319 362815 3626192 39832398 476564279 6160974609
36178245 1 -16 158 -1266 8929 -54029 | 40319 362815 3626192 39832398 476564279 6160974028
17634582 1 -16 156 -1218 8430 -54336 | 40319 362815 3626194 39832592 476575290 6161456154
24358176 1 -16 156 -1218 8430 -54551 | 40319 362815 3626194 39832592 476575290 6161456369
17684352 1 -16 156 -1220 8469 -54109 | 40319 362815 3626194 39832594 476575539 6161473672
23458716 1 -16 156 -1220 8469 -53510 | 40319 362815 3626194 39832594 476575539 6161473073
17685324 1 -16 156 -1232 9065 -71266 | 40319 362815 3626194 39832606 476576671 6161536121
23186574 1 -16 156 -1232 9065 -71161 | 40319 362815 3626194 39832606 476576671 6161536016
17834652 1 -16 156 -1222 8541 -55102 | 40319 362815 3626194 39832596 476575755 6161486833
17843562 1 -16 156 -1222 8541 -55055 | 40319 362815 3626194 39832596 476575755 6161486786
17863542 1 -16 156 -1232 8986 -66945 | 40319 362815 3626194 39832606 476576750 6161545151
24137586 1 -16 156 -1232 8986 -66930 | 40319 362815 3626194 39832606 476576750 6161545136
17864352 1 -16 156 -1232 9002 -67873 | 40319 362815 3626194 39832606 476576734 6161543375
24138576 1 -16 156 -1232 9002 -67781 | 40319 362815 3626194 39832606 476576734 6161543283
18345762 1 -16 156 -1226 8754 -61672 | 40319 362815 3626194 39832600 476576118 6161506078
18435672 1 -16 156 -1226 8754 -61778 | 40319 362815 3626194 39832600 476576118 6161506184
18346572 1 -16 156 -1223 8599 -56969 | 40319 362815 3626194 39832597 476575841 6161491066
18354672 1 -16 156 -1223 8599 -56968 | 40319 362815 3626194 39832597 476575841 6161491065
18354762 1 -16 156 -1221 8516 -55125 | 40319 362815 3626194 39832595 476575636 6161478913
18436572 1 -16 156 -1221 8516 -55110 | 40319 362815 3626194 39832595 476575636 6161478898
18654372 1 -16 156 -1223 8623 -58738 | 40319 362815 3626194 39832597 476575817 6161488779
24876513 1 -16 156 -1223 8623 -58383 | 40319 362815 3626194 39832597 476575817 6161488424
23145786 1 -16 155 -1204 8497 -58424 | 40319 362815 3626195 39832699 476581919 6161769343
23154786 1 -16 155 -1204 8497 -58568 | 40319 362815 3626195 39832699 476581919 6161769487
23156847 1 -16 157 -1264 9606 -76924 | 40319 362815 3626193 39832517 476572026 6161348950
23158746 1 -16 157 -1264 9606 -76640 | 40319 362815 3626193 39832517 476572026 6161348666
23156874 1 -16 155 -1191 8024 -49298 | 40319 362815 3626195 39832686 476580520 6161681970
23165784 1 -16 155 -1191 8024 -49395 | 40319 362815 3626195 39832686 476580520 6161682067
23167845 1 -16 154 -1160 7523 -44841 | 40319 362815 3626196 39832776 476585269 6161875750
23167854 1 -16 154 -1160 7523 -44728 | 40319 362815 3626196 39832776 476585269 6161875637
23168574 1 -16 156 -1230 8932 -66553 | 40319 362815 3626194 39832604 476576516 6161529549
23175864 1 -16 156 -1230 8932 -66393 | 40319 362815 3626194 39832604 476576516 6161529389
23168745 1 -16 155 -1192 8114 -53234 | 40319 362815 3626195 39832687 476580574 6161682864
23176845 1 -16 155 -1192 8114 -53110 | 40319 362815 3626195 39832687 476580574 6161682740
23416875 1 -16 155 -1196 8278 -57127 | 40319 362815 3626195 39832691 476580986 6161707713
23418657 1 -16 155 -1196 8278 -56900 | 40319 362815 3626195 39832691 476580986 6161707486
23417586 1 -16 155 -1196 8268 -56631 | 40319 362815 3626195 39832691 476580996 6161708907
24317856 1 -16 155 -1196 8268 -56537 | 40319 362815 3626195 39832691 476580996 6161708813
23471586 1 -16 158 -1284 9693 -73552 | 40319 362815 3626192 39832416 476566107 6161083459
24187635 1 -16 158 -1284 9693 -72962 | 40319 362815 3626192 39832416 476566107 6161082869
23478156 1 -16 156 -1211 8168 -48885 | 40319 362815 3626194 39832585 476574544 6161409805
23478165 1 -16 156 -1211 8168 -48822 | 40319 362815 3626194 39832585 476574544 6161409742
23478615 1 -16 156 -1213 8262 -51345 | 40319 362815 3626194 39832587 476574738 6161420715
27813654 1 -16 156 -1213 8262 -51377 | 40319 362815 3626194 39832587 476574738 6161420747
23481657 1 -16 156 -1213 8255 -51257 | 40319 362815 3626194 39832587 476574745 6161421810
26781534 1 -16 156 -1213 8255 -51081 | 40319 362815 3626194 39832587 476574745 6161421634
23481675 1 -16 156 -1216 8393 -54907 | 40319 362815 3626194 39832590 476575039 6161438642
23481756 1 -16 156 -1216 8393 -54936 | 40319 362815 3626194 39832590 476575039 6161438671
23485167 1 -16 157 -1252 9110 -64666 | 40319 362815 3626193 39832505 476570794 6161274500
25478613 1 -16 157 -1252 9110 -64603 | 40319 362815 3626193 39832505 476570794 6161274437
23486157 1 -16 158 -1279 9505 -68947 | 40319 362815 3626192 39832411 476565575 6161049786
24876135 1 -16 158 -1279 9505 -68898 | 40319 362815 3626192 39832411 476565575 6161049737
23487516 1 -16 157 -1250 9016 -62228 | 40319 362815 3626193 39832503 476570600 6161263612
23876415 1 -16 157 -1250 9016 -62211 | 40319 362815 3626193 39832503 476570600 6161263595
23516874 1 -16 157 -1246 8850 -58498 | 40319 362815 3626193 39832499 476570190 6161239264
23517684 1 -16 157 -1246 8850 -58508 | 40319 362815 3626193 39832499 476570190 6161239274
23548167 1 -16 156 -1213 8228 -49566 | 40319 362815 3626194 39832587 476574772 6161424682
23815476 1 -16 156 -1213 8228 -49670 | 40319 362815 3626194 39832587 476574772 6161424786
23548617 1 -16 157 -1256 9272 -68499 | 40319 362815 3626193 39832509 476571208 6161299627
26875413 1 -16 157 -1256 9272 -68085 | 40319 362815 3626193 39832509 476571208 6161299213
23571684 1 -16 159 -1310 10065 -77101 | 40319 362815 3626191 39832321 476560767 6160849732
23571864 1 -16 159 -1310 10065 -76907 | 40319 362815 3626191 39832321 476560767 6160849538
23584617 1 -16 159 -1315 10227 -79374 | 40319 362815 3626191 39832326 476561325 6160885467
25138746 1 -16 159 -1315 10227 -80176 | 40319 362815 3626191 39832326 476561325 6160886269
23587614 1 -16 156 -1213 8257 -51361 | 40319 362815 3626194 39832587 476574743 6161421576
25687143 1 -16 156 -1213 8257 -50861 | 40319 362815 3626194 39832587 476574743 6161421076
23618457 1 -16 158 -1274 9275 -62873 | 40319 362815 3626192 39832406 476565085 6161021742
26158743 1 -16 158 -1274 9275 -63209 | 40319 362815 3626192 39832406 476565085 6161022078
23618475 1 -16 159 -1306 9856 -71189 | 40319 362815 3626191 39832317 476560400 6160830469
27841635 1 -16 159 -1306 9856 -70817 | 40319 362815 3626191 39832317 476560400 6160830097
23641875 1 -16 158 -1281 9516 -67426 | 40319 362815 3626192 39832413 476565852 6161070742
26431875 1 -16 158 -1281 9516 -67183 | 40319 362815 3626192 39832413 476565852 6161070499
23648157 1 -16 159 -1305 9818 -69986 | 40319 362815 3626191 39832316 476560294 6160823520
26418753 1 -16 159 -1305 9818 -69902 | 40319 362815 3626191 39832316 476560294 6160823436
23671584 1 -16 158 -1266 8977 -56900 | 40319 362815 3626192 39832398 476564231 6160968787
26713485 1 -16 158 -1266 8977 -56973 | 40319 362815 3626192 39832398 476564231 6160968860
23675814 1 -16 157 -1245 8857 -59839 | 40319 362815 3626193 39832498 476570039 6161227254
24378516 1 -16 157 -1245 8857 -60046 | 40319 362815 3626193 39832498 476570039 6161227461
23678514 1 -16 156 -1213 8249 -50498 | 40319 362815 3626194 39832587 476574751 6161422065
23856714 1 -16 156 -1213 8249 -50616 | 40319 362815 3626194 39832587 476574751 6161422183
23681574 1 -16 159 -1306 9918 -74238 | 40319 362815 3626191 39832317 476560338 6160823040
34175826 1 -16 159 -1306 9918 -74209 | 40319 362815 3626191 39832317 476560338 6160823011
23684157 1 -16 159 -1303 9764 -69626 | 40319 362815 3626191 39832314 476560060 6160807950
24718365 1 -16 159 -1303 9764 -69428 | 40319 362815 3626191 39832314 476560060 6160807752
23685714 1 -16 157 -1245 8865 -60585 | 40319 362815 3626193 39832498 476570031 6161226648
23857614 1 -16 157 -1245 8865 -60524 | 40319 362815 3626193 39832498 476570031 6161226587
23687145 1 -16 156 -1206 8010 -46635 | 40319 362815 3626194 39832580 476573982 6161373417
23781546 1 -16 156 -1206 8010 -46703 | 40319 362815 3626194 39832580 476573982 6161373485
23715846 1 -16 159 -1310 10046 -76437 | 40319 362815 3626191 39832321 476560786 6160852279
32648175 1 -16 159 -1310 10046 -76317 | 40319 362815 3626191 39832321 476560786 6160852159
35781624 1 -16 159 -1310 10046 -75842 | 40319 362815 3626191 39832321 476560786 6160851684
23718456 1 -16 157 -1249 9009 -63215 | 40319 362815 3626193 39832502 476570463 6161253614
23814675 1 -16 157 -1249 9009 -62855 | 40319 362815 3626193 39832502 476570463 6161253254
23814756 1 -16 157 -1249 9009 -62774 | 40319 362815 3626193 39832502 476570463 6161253173
24561873 1 -16 157 -1249 9009 -62949 | 40319 362815 3626193 39832502 476570463 6161253348
23718465 1 -16 157 -1240 8644 -55231 | 40319 362815 3626193 39832493 476569532 6161197803
23718546 1 -16 157 -1240 8644 -55018 | 40319 362815 3626193 39832493 476569532 6161197590
23764185 1 -16 158 -1267 8983 -55950 | 40319 362815 3626192 39832399 476564369 6160978991
32851764 1 -16 158 -1267 8983 -56228 | 40319 362815 3626192 39832399 476564369 6160979269
23768514 1 -16 157 -1249 9044 -64932 | 40319 362815 3626193 39832502 476570428 6161249416
27816354 1 -16 157 -1249 9044 -64931 | 40319 362815 3626193 39832502 476570428 6161249415
23781654 1 -16 156 -1211 8156 -48105 | 40319 362815 3626194 39832585 476574556 6161411053
24387165 1 -16 156 -1211 8156 -48409 | 40319 362815 3626194 39832585 476574556 6161411357
32781456 1 -16 156 -1211 8156 -48286 | 40319 362815 3626194 39832585 476574556 6161411234
23785164 1 -16 158 -1276 9427 -68721 | 40319 362815 3626192 39832408 476565221 6161026238
27138546 1 -16 158 -1276 9427 -68932 | 40319 362815 3626192 39832408 476565221 6161026449
23785416 1 -16 157 -1238 8561 -52650 | 40319 362815 3626193 39832491 476569327 6161184913
27834165 1 -16 157 -1238 8561 -52596 | 40319 362815 3626193 39832491 476569327 6161184859
23786415 1 -16 157 -1245 8856 -59864 | 40319 362815 3626193 39832498 476570040 6161227448
27831465 1 -16 157 -1245 8856 -59812 | 40319 362815 3626193 39832498 476570040 6161227396
23786514 1 -16 156 -1213 8261 -51030 | 40319 362815 3626194 39832587 476574739 6161420569
27816345 1 -16 156 -1213 8261 -51386 | 40319 362815 3626194 39832587 476574739 6161420925
23814576 1 -16 156 -1213 8238 -49822 | 40319 362815 3626194 39832587 476574762 6161423248
25687134 1 -16 156 -1213 8238 -50010 | 40319 362815 3626194 39832587 476574762 6161423436
27814365 1 -16 156 -1213 8238 -50150 | 40319 362815 3626194 39832587 476574762 6161423576
23814657 1 -16 156 -1214 8268 -50374 | 40319 362815 3626194 39832588 476574876 6161430898
32876154 1 -16 156 -1214 8268 -50551 | 40319 362815 3626194 39832588 476574876 6161431075
23815746 1 -16 157 -1248 9002 -64382 | 40319 362815 3626193 39832501 476570326 6161243796
26857134 1 -16 157 -1248 9002 -64162 | 40319 362815 3626193 39832501 476570326 6161243576
23815764 1 -16 157 -1248 8990 -63406 | 40319 362815 3626193 39832501 476570338 6161244848
24538716 1 -16 157 -1248 8990 -63477 | 40319 362815 3626193 39832501 476570338 6161244919
25876314 1 -16 157 -1248 8990 -63406 | 40319 362815 3626193 39832501 476570338 6161244848
23816475 1 -16 157 -1248 8980 -63171 | 40319 362815 3626193 39832501 476570348 6161246303
35218674 1 -16 157 -1248 8980 -62915 | 40319 362815 3626193 39832501 476570348 6161246047
23816547 1 -16 156 -1213 8219 -49230 | 40319 362815 3626194 39832587 476574781 6161425867
34812765 1 -16 156 -1213 8219 -49090 | 40319 362815 3626194 39832587 476574781 6161425727
23816574 1 -16 157 -1248 9022 -65238 | 40319 362815 3626193 39832501 476570306 6161241272
26758143 1 -16 157 -1248 9022 -65040 | 40319 362815 3626193 39832501 476570306 6161241074
23817546 1 -16 157 -1252 9149 -66974 | 40319 362815 3626193 39832505 476570755 6161270217
27186534 1 -16 157 -1252 9149 -66785 | 40319 362815 3626193 39832505 476570755 6161270028
23841675 1 -16 157 -1241 8682 -55579 | 40319 362815 3626193 39832494 476569638 6161203897
25178643 1 -16 157 -1241 8682 -55813 | 40319 362815 3626193 39832494 476569638 6161204131
23841756 1 -16 157 -1241 8688 -55993 | 40319 362815 3626193 39832494 476569632 6161203297
25168734 1 -16 157 -1241 8688 -56205 | 40319 362815 3626193 39832494 476569632 6161203509
23851647 1 -16 159 -1304 9808 -70970 | 40319 362815 3626191 39832315 476560160 6160814026
27163485 1 -16 159 -1304 9808 -71216 | 40319 362815 3626191 39832315 476560160 6160814272
23851674 1 -16 158 -1271 9210 -63260 | 40319 362815 3626192 39832403 476564718 6160996610
36518724 1 -16 158 -1271 9210 -62839 | 40319 362815 3626192 39832403 476564718 6160996189
23856417 1 -16 157 -1237 8519 -51964 | 40319 362815 3626193 39832490 476569225 6161179157
27843516 1 -16 157 -1237 8519 -51803 | 40319 362815 3626193 39832490 476569225 6161178996
23857146 1 -16 159 -1307 9940 -73977 | 40319 362815 3626191 39832318 476560460 6160831229
24875316 1 -16 159 -1307 9940 -74001 | 40319 362815 3626191 39832318 476560460 6160831253
32861475 1 -16 159 -1307 9940 -74362 | 40319 362815 3626191 39832318 476560460 6160831614
23861745 1 -16 158 -1276 9412 -67937 | 40319 362815 3626192 39832408 476565236 6161027989
32785164 1 -16 158 -1276 9412 -67860 | 40319 362815 3626192 39832408 476565236 6161027912
23867145 1 -16 156 -1209 8131 -49359 | 40319 362815 3626194 39832583 476574293 6161392196
23871645 1 -16 156 -1209 8131 -49514 | 40319 362815 3626194 39832583 476574293 6161392351
23867154 1 -16 156 -1209 8133 -49474 | 40319 362815 3626194 39832583 476574291 6161391973
23871564 1 -16 156 -1209 8133 -49454 | 40319 362815 3626194 39832583 476574291 6161391953
23867415 1 -16 157 -1245 8844 -59466 | 40319 362815 3626193 39832498 476570052 6161229078
26187345 1 -16 157 -1245 8844 -59280 | 40319 362815 3626193 39832498 476570052 6161228892
32471856 1 -16 157 -1245 8844 -59727 | 40319 362815 3626193 39832498 476570052 6161229339
23871546 1 -16 156 -1206 8002 -46244 | 40319 362815 3626194 39832580 476573990 6161374378
32687145 1 -16 156 -1206 8002 -46084 | 40319 362815 3626194 39832580 476573990 6161374218
23875164 1 -16 158 -1278 9483 -69148 | 40319 362815 3626192 39832410 476565453 6161041537
26874153 1 -16 158 -1278 9483 -69132 | 40319 362815 3626192 39832410 476565453 6161041521
23875614 1 -16 156 -1213 8247 -50546 | 40319 362815 3626194 39832587 476574753 6161422451
26587134 1 -16 156 -1213 8247 -50439 | 40319 362815 3626194 39832587 476574753 6161422344
23876154 1 -16 156 -1213 8243 -50338 | 40319 362815 3626194 39832587 476574757 6161422919
26781354 1 -16 156 -1213 8243 -50351 | 40319 362815 3626194 39832587 476574757 6161422932
26781453 1 -16 156 -1213 8243 -50494 | 40319 362815 3626194 39832587 476574757 6161423075
24163857 1 -16 159 -1320 10432 -84414 | 40319 362815 3626191 39832331 476561840 6160916702
32715864 1 -16 159 -1320 10432 -84506 | 40319 362815 3626191 39832331 476561840 6160916794
24168573 1 -16 158 -1284 9735 -75473 | 40319 362815 3626192 39832416 476566065 6161078282
24186735 1 -16 158 -1284 9735 -75385 | 40319 362815 3626192 39832416 476566065 6161078194
24176835 1 -16 158 -1276 9380 -66082 | 40319 362815 3626192 39832408 476565268 6161031542
32578146 1 -16 158 -1276 9380 -65860 | 40319 362815 3626192 39832408 476565268 6161031320
24178356 1 -16 158 -1278 9419 -65489 | 40319 362815 3626192 39832410 476565517 6161048694
27165843 1 -16 158 -1278 9419 -65583 | 40319 362815 3626192 39832410 476565517 6161048788
24178365 1 -16 158 -1276 9367 -65537 | 40319 362815 3626192 39832408 476565281 6161033194
27134856 1 -16 158 -1276 9367 -65447 | 40319 362815 3626192 39832408 476565281 6161033104
24187356 1 -16 158 -1278 9449 -67191 | 40319 362815 3626192 39832410 476565487 6161045326
27851634 1 -16 158 -1278 9449 -67278 | 40319 362815 3626192 39832410 476565487 6161045413
24317865 1 -16 155 -1196 8260 -56043 | 40319 362815 3626195 39832691 476581004 6161709671
32418756 1 -16 155 -1196 8260 -56263 | 40319 362815 3626195 39832691 476581004 6161709891
24361875 1 -16 157 -1244 8738 -55366 | 40319 362815 3626193 39832497 476570014 6161230724
32461875 1 -16 157 -1244 8738 -55297 | 40319 362815 3626193 39832497 476570014 6161230655
24365817 1 -16 156 -1227 8780 -61714 | 40319 362815 3626194 39832601 476576236 6161513894
24568713 1 -16 156 -1227 8780 -61658 | 40319 362815 3626194 39832601 476576236 6161513838
24368157 1 -16 158 -1278 9467 -68462 | 40319 362815 3626192 39832410 476565469 6161043555
24813576 1 -16 158 -1278 9467 -68341 | 40319 362815 3626192 39832410 476565469 6161043434
24368715 1 -16 156 -1212 8240 -51561 | 40319 362815 3626194 39832586 476574616 6161412481
27861453 1 -16 156 -1212 8240 -51520 | 40319 362815 3626194 39832586 476574616 6161412440
24371856 1 -16 157 -1245 8840 -59497 | 40319 362815 3626193 39832498 476570056 6161229785
27831546 1 -16 157 -1245 8840 -59063 | 40319 362815 3626193 39832498 476570056 6161229351
24376815 1 -16 156 -1212 8213 -49913 | 40319 362815 3626194 39832586 476574643 6161415396
32481675 1 -16 156 -1212 8213 -50227 | 40319 362815 3626194 39832586 476574643 6161415710
24378615 1 -16 156 -1212 8249 -52018 | 40319 362815 3626194 39832586 476574607 6161411417
27861354 1 -16 156 -1212 8249 -51801 | 40319 362815 3626194 39832586 476574607 6161411200
24386715 1 -16 156 -1212 8247 -51938 | 40319 362815 3626194 39832586 476574609 6161411675
27861435 1 -16 156 -1212 8247 -51885 | 40319 362815 3626194 39832586 476574609 6161411622
27861534 1 -16 156 -1212 8247 -51924 | 40319 362815 3626194 39832586 476574609 6161411661
24537816 1 -16 157 -1248 9007 -64436 | 40319 362815 3626193 39832501 476570321 6161243005
25348716 1 -16 157 -1248 9007 -64277 | 40319 362815 3626193 39832501 476570321 6161242846
24561837 1 -16 158 -1282 9663 -73679 | 40319 362815 3626192 39832414 476565849 6161064320
27543816 1 -16 158 -1282 9663 -73523 | 40319 362815 3626192 39832414 476565849 6161064164
24573186 1 -16 159 -1307 9907 -72227 | 40319 362815 3626191 39832318 476560493 6160835056
27163845 1 -16 159 -1307 9907 -72336 | 40319 362815 3626191 39832318 476560493 6160835165
24581376 1 -16 158 -1270 9128 -60226 | 40319 362815 3626192 39832402 476564656 6160995266
25843176 1 -16 158 -1270 9128 -60027 | 40319 362815 3626192 39832402 476564656 6160995067
24586137 1 -16 159 -1309 10030 -75997 | 40319 362815 3626191 39832320 476560658 6160842375
25718346 1 -16 159 -1309 10030 -75953 | 40319 362815 3626191 39832320 476560658 6160842331
24586317 1 -16 159 -1309 10012 -75181 | 40319 362815 3626191 39832320 476560676 6160844601
24671853 1 -16 159 -1309 10012 -74967 | 40319 362815 3626191 39832320 476560676 6160844387
24587136 1 -16 158 -1270 9137 -60179 | 40319 362815 3626192 39832402 476564647 6160993698
24867315 1 -16 158 -1270 9137 -60558 | 40319 362815 3626192 39832402 476564647 6160994077
24617853 1 -16 159 -1308 9981 -74794 | 40319 362815 3626191 39832319 476560563 6160837285
24618357 1 -16 159 -1308 9981 -74652 | 40319 362815 3626191 39832319 476560563 6160837143
24618573 1 -16 160 -1340 10551 -82071 | 40319 362815 3626190 39832230 476555889 6160646832
25183647 1 -16 160 -1340 10551 -82945 | 40319 362815 3626190 39832230 476555889 6160647706
24637815 1 -16 159 -1308 9995 -75856 | 40319 362815 3626191 39832319 476560549 6160835981
32571864 1 -16 159 -1308 9995 -75890 | 40319 362815 3626191 39832319 476560549 6160836015
24658137 1 -16 158 -1272 9226 -62770 | 40319 362815 3626192 39832404 476564846 6161005584
32578164 1 -16 158 -1272 9226 -62613 | 40319 362815 3626192 39832404 476564846 6161005427
24671835 1 -16 158 -1280 9566 -70630 | 40319 362815 3626192 39832412 476565658 6161053328
27185364 1 -16 158 -1280 9566 -71298 | 40319 362815 3626192 39832412 476565658 6161053996
24678153 1 -16 158 -1284 9708 -73451 | 40319 362815 3626192 39832416 476566092 6161080823
25317864 1 -16 158 -1284 9708 -73802 | 40319 362815 3626192 39832416 476566092 6161081174
24681375 1 -16 160 -1338 10483 -81003 | 40319 362815 3626190 39832228 476555669 6160632920
25837164 1 -16 160 -1338 10483 -81151 | 40319 362815 3626190 39832228 476555669 6160633068
24681573 1 -16 160 -1336 10407 -79481 | 40319 362815 3626190 39832226 476555457 6160619906
46281735 1 -16 160 -1336 10407 -79370 | 40319 362815 3626190 39832226 476555457 6160619795
24683715 1 -16 160 -1334 10301 -76592 | 40319 362815 3626190 39832224 476555275 6160610595
24853716 1 -16 160 -1334 10301 -76419 | 40319 362815 3626190 39832224 476555275 6160610422
24685137 1 -16 160 -1342 10682 -86759 | 40319 362815 3626190 39832232 476556046 6160653717
27315846 1 -16 160 -1342 10682 -87073 | 40319 362815 3626190 39832232 476556046 6160654031
24687153 1 -16 158 -1274 9306 -64477 | 40319 362815 3626192 39832406 476565054 6161018107
27851346 1 -16 158 -1274 9306 -64410 | 40319 362815 3626192 39832406 476565054 6161018040
24713865 1 -16 159 -1303 9732 -68021 | 40319 362815 3626191 39832314 476560092 6160811753
27154863 1 -16 159 -1303 9732 -67902 | 40319 362815 3626191 39832314 476560092 6160811634
24716853 1 -16 160 -1340 10591 -84606 | 40319 362815 3626190 39832230 476555849 6160642607
24731685 1 -16 160 -1340 10591 -84813 | 40319 362815 3626190 39832230 476555849 6160642814
24751386 1 -16 160 -1342 10655 -85717 | 40319 362815 3626190 39832232 476556073 6160657238
25846317 1 -16 160 -1342 10655 -85381 | 40319 362815 3626190 39832232 476556073 6160656902
24751863 1 -16 160 -1340 10587 -84147 | 40319 362815 3626190 39832230 476555853 6160642824
26318475 1 -16 160 -1340 10587 -84542 | 40319 362815 3626190 39832230 476555853 6160643219
35718624 1 -16 160 -1340 10587 -83836 | 40319 362815 3626190 39832230 476555853 6160642513
24768153 1 -16 158 -1274 9313 -64860 | 40319 362815 3626192 39832406 476565047 6161017307
26158734 1 -16 158 -1274 9313 -65237 | 40319 362815 3626192 39832406 476565047 6161017684
24781356 1 -16 158 -1275 9332 -64579 | 40319 362815 3626192 39832407 476565172 6161025983
27165834 1 -16 158 -1275 9332 -64532 | 40319 362815 3626192 39832407 476565172 6161025936
24786315 1 -16 158 -1270 9161 -61882 | 40319 362815 3626192 39832402 476564623 6160991345
43718265 1 -16 158 -1270 9161 -61603 | 40319 362815 3626192 39832402 476564623 6160991066
24816573 1 -16 158 -1264 8929 -56677 | 40319 362815 3626192 39832396 476563991 6160952340
25761483 1 -16 158 -1264 8929 -56660 | 40319 362815 3626192 39832396 476563991 6160952323
24816735 1 -16 159 -1305 9883 -73435 | 40319 362815 3626191 39832316 476560229 6160815984
35721864 1 -16 159 -1305 9883 -73309 | 40319 362815 3626191 39832316 476560229 6160815858
24836157 1 -16 160 -1340 10569 -83490 | 40319 362815 3626190 39832230 476555871 6160645209
24861735 1 -16 160 -1340 10569 -83003 | 40319 362815 3626190 39832230 476555871 6160644722
37581624 1 -16 160 -1340 10569 -83442 | 40319 362815 3626190 39832230 476555871 6160645161
24836175 1 -16 160 -1338 10530 -83957 | 40319 362815 3626190 39832228 476555622 6160627931
27581463 1 -16 160 -1338 10530 -83557 | 40319 362815 3626190 39832228 476555622 6160627531
24837156 1 -16 159 -1305 9874 -73025 | 40319 362815 3626191 39832316 476560238 6160817095
25718643 1 -16 159 -1305 9874 -72975 | 40319 362815 3626191 39832316 476560238 6160817045
24851673 1 -16 159 -1301 9703 -68574 | 40319 362815 3626191 39832312 476559833 6160792871
25783164 1 -16 159 -1301 9703 -68772 | 40319 362815 3626191 39832312 476559833 6160793069
24853617 1 -16 160 -1340 10564 -82992 | 40319 362815 3626190 39832230 476555876 6160645556
27146853 1 -16 160 -1340 10564 -83160 | 40319 362815 3626190 39832230 476555876 6160645724
24863157 1 -16 160 -1332 10205 -73395 | 40319 362815 3626190 39832222 476555083 6160599286
27485136 1 -16 160 -1332 10205 -73620 | 40319 362815 3626190 39832222 476555083 6160599511
24871356 1 -16 158 -1271 9192 -62064 | 40319 362815 3626192 39832403 476564736 6160998456
25481763 1 -16 158 -1271 9192 -62136 | 40319 362815 3626192 39832403 476564736 6160998528
24871365 1 -16 158 -1270 9169 -62216 | 40319 362815 3626192 39832402 476564615 6160990327
25817634 1 -16 158 -1270 9169 -62081 | 40319 362815 3626192 39832402 476564615 6160990192
24871653 1 -16 158 -1273 9243 -62161 | 40319 362815 3626192 39832405 476564973 6161014270
26137845 1 -16 158 -1273 9243 -63058 | 40319 362815 3626192 39832405 476564973 6161015167
25168743 1 -16 157 -1241 8683 -55789 | 40319 362815 3626193 39832494 476569637 6161203938
25176843 1 -16 157 -1241 8683 -56003 | 40319 362815 3626193 39832494 476569637 6161204152
25186743 1 -16 157 -1241 8683 -55737 | 40319 362815 3626193 39832494 476569637 6161203886
25173846 1 -16 160 -1345 10780 -88406 | 40319 362815 3626190 39832235 476556380 6160675306
25374816 1 -16 160 -1345 10780 -88409 | 40319 362815 3626190 39832235 476556380 6160675309
25176384 1 -16 159 -1300 9614 -65565 | 40319 362815 3626191 39832311 476559778 6160792735
25614837 1 -16 159 -1300 9614 -65686 | 40319 362815 3626191 39832311 476559778 6160792856
25178436 1 -16 158 -1266 8973 -56883 | 40319 362815 3626192 39832398 476564235 6160969446
25417836 1 -16 158 -1266 8973 -56762 | 40319 362815 3626192 39832398 476564235 6160969325
25184736 1 -16 160 -1340 10532 -81624 | 40319 362815 3626190 39832230 476555908 6160649596
25736814 1 -16 160 -1340 10532 -81448 | 40319 362815 3626190 39832230 476555908 6160649420
25184763 1 -16 159 -1300 9566 -62968 | 40319 362815 3626191 39832311 476559826 6160798250
26145837 1 -16 159 -1300 9566 -63259 | 40319 362815 3626191 39832311 476559826 6160798541
25186347 1 -16 159 -1298 9534 -63577 | 40319 362815 3626191 39832309 476559570 6160779931
26538174 1 -16 159 -1298 9534 -63319 | 40319 362815 3626191 39832309 476559570 6160779673
25187346 1 -16 158 -1270 9127 -59845 | 40319 362815 3626192 39832402 476564657 6160995054
27615843 1 -16 158 -1270 9127 -59664 | 40319 362815 3626192 39832402 476564657 6160994873
25187364 1 -16 159 -1304 9840 -72936 | 40319 362815 3626191 39832315 476560128 6160810584
26584137 1 -16 159 -1304 9840 -72274 | 40319 362815 3626191 39832315 476560128 6160809922
25318674 1 -16 158 -1284 9736 -75506 | 40319 362815 3626192 39832416 476566064 6161078146
26354817 1 -16 158 -1284 9736 -75154 | 40319 362815 3626192 39832416 476566064 6161077794
25318746 1 -16 159 -1316 10310 -82897 | 40319 362815 3626191 39832327 476561386 6160887131
27134685 1 -16 159 -1316 10310 -82580 | 40319 362815 3626191 39832327 476561386 6160886814
25348176 1 -16 157 -1248 8950 -61528 | 40319 362815 3626193 39832501 476570378 6161249730
26178345 1 -16 157 -1248 8950 -61334 | 40319 362815 3626193 39832501 476570378 6161249536
25348617 1 -16 158 -1284 9753 -76010 | 40319 362815 3626192 39832416 476566047 6161075777
27864135 1 -16 158 -1284 9753 -76100 | 40319 362815 3626192 39832416 476566047 6161075867
25381674 1 -16 159 -1304 9855 -73386 | 40319 362815 3626191 39832315 476560113 6160808499
36187524 1 -16 159 -1304 9855 -72891 | 40319 362815 3626191 39832315 476560113 6160808004
25381746 1 -16 160 -1340 10603 -85501 | 40319 362815 3626190 39832230 476555837 6160641474
26813574 1 -16 160 -1340 10603 -85079 | 40319 362815 3626190 39832230 476555837 6160641052
25387416 1 -16 159 -1299 9582 -65014 | 40319 362815 3626191 39832310 476559666 6160785424
32751846 1 -16 159 -1299 9582 -65128 | 40319 362815 3626191 39832310 476559666 6160785538
25418637 1 -16 159 -1302 9730 -69047 | 40319 362815 3626191 39832313 476559950 6160800949
26387514 1 -16 159 -1302 9730 -69261 | 40319 362815 3626191 39832313 476559950 6160801163
26738514 1 -16 159 -1302 9730 -69408 | 40319 362815 3626191 39832313 476559950 6160801310
25468317 1 -16 158 -1272 9252 -64284 | 40319 362815 3626192 39832404 476564820 6161002704
35178624 1 -16 158 -1272 9252 -63912 | 40319 362815 3626192 39832404 476564820 6161002332
25476813 1 -16 156 -1225 8714 -60666 | 40319 362815 3626194 39832599 476576014 6161499664
27856413 1 -16 156 -1225 8714 -60713 | 40319 362815 3626194 39832599 476576014 6161499711
25478163 1 -16 158 -1269 9116 -60412 | 40319 362815 3626192 39832401 476564524 6160985312
25478316 1 -16 158 -1269 9116 -60544 | 40319 362815 3626192 39832401 476564524 6160985444
25481673 1 -16 158 -1266 9034 -59666 | 40319 362815 3626192 39832398 476564174 6160961920
26581437 1 -16 158 -1266 9034 -60008 | 40319 362815 3626192 39832398 476564174 6160962262
27613845 1 -16 158 -1266 9034 -59929 | 40319 362815 3626192 39832398 476564174 6160962183
25486137 1 -16 159 -1304 9860 -73438 | 40319 362815 3626191 39832315 476560108 6160807706
25873146 1 -16 159 -1304 9860 -73377 | 40319 362815 3626191 39832315 476560108 6160807645
26813475 1 -16 159 -1304 9860 -73332 | 40319 362815 3626191 39832315 476560108 6160807600
25486317 1 -16 159 -1305 9864 -72565 | 40319 362815 3626191 39832316 476560248 6160818325
32758146 1 -16 159 -1305 9864 -72517 | 40319 362815 3626191 39832316 476560248 6160818277
25487136 1 -16 158 -1271 9205 -62727 | 40319 362815 3626192 39832403 476564723 6160996922
25871643 1 -16 158 -1271 9205 -62818 | 40319 362815 3626192 39832403 476564723 6160997013
25618734 1 -16 157 -1235 8437 -49792 | 40319 362815 3626193 39832488 476569019 6161166507
32761845 1 -16 157 -1235 8437 -49902 | 40319 362815 3626193 39832488 476569019 6161166617
25648713 1 -16 157 -1248 8960 -61677 | 40319 362815 3626193 39832501 476570368 6161248189
26178543 1 -16 157 -1248 8960 -61793 | 40319 362815 3626193 39832501 476570368 6161248305
26458713 1 -16 157 -1248 8960 -61652 | 40319 362815 3626193 39832501 476570368 6161248164
25683417 1 -16 158 -1271 9207 -63139 | 40319 362815 3626192 39832403 476564721 6160996996
26537814 1 -16 158 -1271 9207 -63153 | 40319 362815 3626192 39832403 476564721 6160997010
25684317 1 -16 158 -1271 9213 -63170 | 40319 362815 3626192 39832403 476564715 6160996013
34728165 1 -16 158 -1271 9213 -63324 | 40319 362815 3626192 39832403 476564715 6160996167
25713864 1 -16 160 -1331 10193 -74552 | 40319 362815 3626190 39832221 476554951 6160590303
36258174 1 -16 160 -1331 10193 -74274 | 40319 362815 3626190 39832221 476554951 6160590025
25716483 1 -16 160 -1334 10351 -79120 | 40319 362815 3626190 39832224 476555225 6160604673
35718426 1 -16 160 -1334 10351 -78852 | 40319 362815 3626190 39832224 476555225 6160604405
25731486 1 -16 160 -1334 10272 -74973 | 40319 362815 3626190 39832224 476555304 6160613877
26185374 1 -16 160 -1334 10272 -75007 | 40319 362815 3626190 39832224 476555304 6160613911
25731684 1 -16 160 -1326 10002 -70833 | 40319 362815 3626190 39832216 476554422 6160558023
27358164 1 -16 160 -1326 10002 -70258 | 40319 362815 3626190 39832216 476554422 6160557448
25731864 1 -16 160 -1332 10255 -76574 | 40319 362815 3626190 39832222 476555033 6160594015
27368415 1 -16 160 -1332 10255 -76344 | 40319 362815 3626190 39832222 476555033 6160593785
25738146 1 -16 160 -1330 10154 -73421 | 40319 362815 3626190 39832220 476554846 6160583595
27461835 1 -16 160 -1330 10154 -73222 | 40319 362815 3626190 39832220 476554846 6160583396
25748316 1 -16 160 -1338 10516 -83010 | 40319 362815 3626190 39832228 476555636 6160629350
35728164 1 -16 160 -1338 10516 -82894 | 40319 362815 3626190 39832228 476555636 6160629234
25761834 1 -16 157 -1237 8517 -51592 | 40319 362815 3626193 39832490 476569227 6161179123
26718435 1 -16 157 -1237 8517 -51703 | 40319 362815 3626193 39832490 476569227 6161179234
25763184 1 -16 158 -1264 8933 -56889 | 40319 362815 3626192 39832396 476563987 6160951876
27354816 1 -16 158 -1264 8933 -57189 | 40319 362815 3626192 39832396 476563987 6160952176
25764813 1 -16 158 -1284 9724 -74289 | 40319 362815 3626192 39832416 476566076 6161078957
26574813 1 -16 158 -1284 9724 -74329 | 40319 362815 3626192 39832416 476566076 6161078997
27168534 1 -16 158 -1284 9724 -74432 | 40319 362815 3626192 39832416 476566076 6161079100
25784136 1 -16 159 -1307 9962 -75089 | 40319 362815 3626191 39832318 476560438 6160828623
27413856 1 -16 159 -1307 9962 -75424 | 40319 362815 3626191 39832318 476560438 6160828958
25813674 1 -16 159 -1295 9440 -62092 | 40319 362815 3626191 39832306 476559232 6160757828
27418563 1 -16 159 -1295 9440 -62043 | 40319 362815 3626191 39832306 476559232 6160757779
25816743 1 -16 158 -1266 8996 -57625 | 40319 362815 3626192 39832398 476564212 6160966301
34817625 1 -16 158 -1266 8996 -57697 | 40319 362815 3626192 39832398 476564212 6160966373
25843617 1 -16 159 -1303 9786 -71005 | 40319 362815 3626191 39832314 476560038 6160805611
27518643 1 -16 159 -1303 9786 -70794 | 40319 362815 3626191 39832314 476560038 6160805400
25861473 1 -16 160 -1328 10098 -72765 | 40319 362815 3626190 39832218 476554614 6160568067
26381475 1 -16 160 -1328 10098 -73099 | 40319 362815 3626190 39832218 476554614 6160568401
26381574 1 -16 160 -1328 10098 -73212 | 40319 362815 3626190 39832218 476554614 6160568514
26184573 1 -16 159 -1307 9945 -74333 | 40319 362815 3626191 39832318 476560455 6160830740
32857146 1 -16 159 -1307 9945 -74332 | 40319 362815 3626191 39832318 476560455 6160830739
26187453 1 -16 157 -1244 8825 -59683 | 40319 362815 3626193 39832497 476569927 6161220338
26187534 1 -16 157 -1244 8825 -59660 | 40319 362815 3626193 39832497 476569927 6161220315
26351874 1 -16 159 -1302 9749 -70346 | 40319 362815 3626191 39832313 476559931 6160799037
42618735 1 -16 159 -1302 9749 -70303 | 40319 362815 3626191 39832313 476559931 6160798994
26371854 1 -16 159 -1299 9647 -68590 | 40319 362815 3626191 39832310 476559601 6160778015
27438615 1 -16 159 -1299 9647 -68318 | 40319 362815 3626191 39832310 476559601 6160777743
26378514 1 -16 159 -1302 9756 -70779 | 40319 362815 3626191 39832313 476559924 6160798287
26851734 1 -16 159 -1302 9756 -70685 | 40319 362815 3626191 39832313 476559924 6160798193
26437815 1 -16 158 -1271 9187 -61789 | 40319 362815 3626192 39832403 476564741 6160999026
26538714 1 -16 158 -1271 9187 -62307 | 40319 362815 3626192 39832403 476564741 6160999544
26471853 1 -16 160 -1334 10339 -78357 | 40319 362815 3626190 39832224 476555237 6160605938
27385164 1 -16 160 -1334 10339 -78663 | 40319 362815 3626190 39832224 476555237 6160606244
26481573 1 -16 160 -1326 10006 -70545 | 40319 362815 3626190 39832216 476554418 6160557059
35714826 1 -16 160 -1326 10006 -70854 | 40319 362815 3626190 39832216 476554418 6160557368
26487135 1 -16 159 -1308 9992 -75541 | 40319 362815 3626191 39832319 476560552 6160836173
35172846 1 -16 159 -1308 9992 -75160 | 40319 362815 3626191 39832319 476560552 6160835792
36218574 1 -16 159 -1308 9992 -75841 | 40319 362815 3626191 39832319 476560552 6160836473
26578134 1 -16 156 -1213 8251 -50698 | 40319 362815 3626194 39832587 476574749 6161421927
27816534 1 -16 156 -1213 8251 -50535 | 40319 362815 3626194 39832587 476574749 6161421764
26584713 1 -16 158 -1281 9578 -70264 | 40319 362815 3626192 39832413 476565790 6161063102
26845713 1 -16 158 -1281 9578 -70356 | 40319 362815 3626192 39832413 476565790 6161063194
26714385 1 -16 158 -1266 9017 -59203 | 40319 362815 3626192 39832398 476564191 6160964330
36187254 1 -16 158 -1266 9017 -58988 | 40319 362815 3626192 39832398 476564191 6160964115
26714583 1 -16 158 -1266 9002 -58165 | 40319 362815 3626192 39832398 476564206 6160965827
27614385 1 -16 158 -1266 9002 -58465 | 40319 362815 3626192 39832398 476564206 6160966127
26715384 1 -16 159 -1301 9761 -72185 | 40319 362815 3626191 39832312 476559775 6160786680
35287146 1 -16 159 -1301 9761 -72056 | 40319 362815 3626191 39832312 476559775 6160786551
26734815 1 -16 158 -1262 8842 -54886 | 40319 362815 3626192 39832394 476563790 6160940916
26743815 1 -16 158 -1262 8842 -54759 | 40319 362815 3626192 39832394 476563790 6160940789
26758134 1 -16 157 -1248 9008 -64244 | 40319 362815 3626193 39832501 476570320 6161242644
27586143 1 -16 157 -1248 9008 -64530 | 40319 362815 3626193 39832501 476570320 6161242930
26783154 1 -16 157 -1246 8872 -59312 | 40319 362815 3626193 39832499 476570168 6161236360
27654183 1 -16 157 -1246 8872 -59044 | 40319 362815 3626193 39832499 476570168 6161236092
26813754 1 -16 159 -1302 9771 -71274 | 40319 362815 3626191 39832313 476559909 6160796247
27365814 1 -16 159 -1302 9771 -70994 | 40319 362815 3626191 39832313 476559909 6160795967
26814573 1 -16 159 -1302 9764 -70649 | 40319 362815 3626191 39832313 476559916 6160796805
34816275 1 -16 159 -1302 9764 -70866 | 40319 362815 3626191 39832313 476559916 6160797022
26814753 1 -16 160 -1340 10586 -84091 | 40319 362815 3626190 39832230 476555854 6160642937
26847135 1 -16 160 -1340 10586 -84403 | 40319 362815 3626190 39832230 476555854 6160643249
26847315 1 -16 160 -1340 10586 -84225 | 40319 362815 3626190 39832230 476555854 6160643071
26841753 1 -16 160 -1328 10069 -71573 | 40319 362815 3626190 39832218 476554643 6160571776
27415863 1 -16 160 -1328 10069 -71477 | 40319 362815 3626190 39832218 476554643 6160571680
26854137 1 -16 159 -1308 10009 -76103 | 40319 362815 3626191 39832319 476560535 6160833862
32857164 1 -16 159 -1308 10009 -76678 | 40319 362815 3626191 39832319 476560535 6160834437
32861574 1 -16 159 -1308 10009 -76583 | 40319 362815 3626191 39832319 476560535 6160834342
26854173 1 -16 159 -1296 9526 -65563 | 40319 362815 3626191 39832307 476559290 6160758933
37156824 1 -16 159 -1296 9526 -65459 | 40319 362815 3626191 39832307 476559290 6160758829
26857314 1 -16 158 -1284 9749 -75956 | 40319 362815 3626192 39832416 476566051 6161076399
27586314 1 -16 158 -1284 9749 -76068 | 40319 362815 3626192 39832416 476566051 6161076511
26871534 1 -16 156 -1208 8079 -47543 | 40319 362815 3626194 39832582 476574201 6161387000
27681534 1 -16 156 -1208 8079 -47551 | 40319 362815 3626194 39832582 476574201 6161387008
26873145 1 -16 157 -1244 8834 -59933 | 40319 362815 3626193 39832497 476569918 6161219067
27683145 1 -16 157 -1244 8834 -59932 | 40319 362815 3626193 39832497 476569918 6161219066
26873154 1 -16 157 -1244 8890 -63055 | 40319 362815 3626193 39832497 476569862 6161212725
27683154 1 -16 157 -1244 8890 -63053 | 40319 362815 3626193 39832497 476569862 6161212723
26873415 1 -16 157 -1240 8646 -54794 | 40319 362815 3626193 39832493 476569530 6161197028
27683415 1 -16 157 -1240 8646 -54724 | 40319 362815 3626193 39832493 476569530 6161196958
27843165 1 -16 157 -1240 8646 -54772 | 40319 362815 3626193 39832493 476569530 6161197006
27148536 1 -16 160 -1336 10412 -80222 | 40319 362815 3626190 39832226 476555452 6160619802
27536814 1 -16 160 -1336 10412 -79851 | 40319 362815 3626190 39832226 476555452 6160619431
27156384 1 -16 159 -1306 9913 -74232 | 40319 362815 3626191 39832317 476560343 6160823879
27385614 1 -16 159 -1306 9913 -74050 | 40319 362815 3626191 39832317 476560343 6160823697
35148726 1 -16 159 -1306 9913 -74041 | 40319 362815 3626191 39832317 476560343 6160823688
27158634 1 -16 159 -1314 10213 -79977 | 40319 362815 3626191 39832325 476561195 6160876268
27853614 1 -16 159 -1314 10213 -80052 | 40319 362815 3626191 39832325 476561195 6160876343
27164583 1 -16 158 -1272 9216 -62274 | 40319 362815 3626192 39832404 476564856 6161006778
27843615 1 -16 158 -1272 9216 -62129 | 40319 362815 3626192 39832404 476564856 6161006633
27184356 1 -16 157 -1246 8880 -60120 | 40319 362815 3626193 39832499 476570160 6161235816
27184365 1 -16 157 -1246 8880 -60147 | 40319 362815 3626193 39832499 476570160 6161235843
27381456 1 -16 158 -1274 9321 -65165 | 40319 362815 3626192 39832406 476565039 6161016260
32681754 1 -16 158 -1274 9321 -65369 | 40319 362815 3626192 39832406 476565039 6161016464
27386514 1 -16 159 -1304 9844 -72768 | 40319 362815 3626191 39832315 476560124 6160809740
27648135 1 -16 159 -1304 9844 -72745 | 40319 362815 3626191 39832315 476560124 6160809717
27458613 1 -16 159 -1320 10487 -87151 | 40319 362815 3626191 39832331 476561785 6160910144
27486513 1 -16 159 -1320 10487 -87181 | 40319 362815 3626191 39832331 476561785 6160910174
27461853 1 -16 160 -1328 10118 -74071 | 40319 362815 3626190 39832218 476554594 6160565993
37481625 1 -16 160 -1328 10118 -74402 | 40319 362815 3626190 39832218 476554594 6160566324
27541863 1 -16 159 -1297 9576 -66976 | 40319 362815 3626191 39832308 476559384 6160764064
34815726 1 -16 159 -1297 9576 -67001 | 40319 362815 3626191 39832308 476559384 6160764089
27581346 1 -16 159 -1305 9877 -72982 | 40319 362815 3626191 39832316 476560235 6160816545
35287164 1 -16 159 -1305 9877 -72922 | 40319 362815 3626191 39832316 476560235 6160816485
27586134 1 -16 157 -1248 8986 -63321 | 40319 362815 3626193 39832501 476570342 6161245439
34182675 1 -16 157 -1248 8986 -63369 | 40319 362815 3626193 39832501 476570342 6161245487
27681543 1 -16 156 -1213 8267 -51497 | 40319 362815 3626194 39832587 476574733 6161420022
27815436 1 -16 156 -1213 8267 -51653 | 40319 362815 3626194 39832587 476574733 6161420178
27683514 1 -16 158 -1278 9464 -67905 | 40319 362815 3626192 39832410 476565472 6161043505
32875164 1 -16 158 -1278 9464 -68098 | 40319 362815 3626192 39832410 476565472 6161043698
27813465 1 -16 156 -1213 8254 -50823 | 40319 362815 3626194 39832587 476574746 6161421545
27814563 1 -16 156 -1213 8254 -50860 | 40319 362815 3626194 39832587 476574746 6161421582
27851436 1 -16 158 -1274 9331 -65904 | 40319 362815 3626192 39832406 476565029 6161015309
34158726 1 -16 158 -1274 9331 -65994 | 40319 362815 3626192 39832406 476565029 6161015399
32478165 1 -16 156 -1209 8118 -48766 | 40319 362815 3626194 39832583 476574306 6161393800
34278156 1 -16 156 -1209 8118 -48617 | 40319 362815 3626194 39832583 476574306 6161393651
32678154 1 -16 156 -1211 8177 -49289 | 40319 362815 3626194 39832585 476574535 6161408688
32781564 1 -16 156 -1211 8177 -49371 | 40319 362815 3626194 39832585 476574535 6161408770
32817465 1 -16 157 -1258 9359 -70711 | 40319 362815 3626193 39832511 476571409 6161311472
32817546 1 -16 157 -1258 9359 -70742 | 40319 362815 3626193 39832511 476571409 6161311503
34761825 1 -16 158 -1269 9121 -60562 | 40319 362815 3626192 39832401 476564519 6160984617
36751824 1 -16 158 -1269 9121 -60770 | 40319 362815 3626192 39832401 476564519 6160984825
34781625 1 -16 158 -1269 9150 -62344 | 40319 362815 3626192 39832401 476564490 6160981498
42781365 1 -16 158 -1269 9150 -62378 | 40319 362815 3626192 39832401 476564490 6160981532
35168724 1 -16 158 -1274 9328 -65543 | 40319 362815 3626192 39832406 476565032 6161015455
35176824 1 -16 158 -1274 9328 -65559 | 40319 362815 3626192 39832406 476565032 6161015471
35278164 1 -16 159 -1305 9912 -74921 | 40319 362815 3626191 39832316 476560200 6160812569
42781635 1 -16 159 -1305 9912 -74955 | 40319 362815 3626191 39832316 476560200 6160812603
35286174 1 -16 160 -1336 10470 -82939 | 40319 362815 3626190 39832226 476555394 6160612717
37168425 1 -16 160 -1336 10470 -82816 | 40319 362815 3626190 39832226 476555394 6160612594
36178425 1 -16 159 -1301 9735 -70477 | 40319 362815 3626191 39832312 476559801 6160789366
36821574 1 -16 159 -1301 9735 -70357 | 40319 362815 3626191 39832312 476559801 6160789246
36278145 1 -16 158 -1266 9006 -58369 | 40319 362815 3626192 39832398 476564202 6160965355
36278154 1 -16 158 -1266 9006 -58358 | 40319 362815 3626192 39832398 476564202 6160965344
