12346578
12354678
12347658
12376548
12765438
12354786
12543786
15432786
12365478
12654378
12375684
13275684
17854623
12378564
17845623
12378645
13278645
12385674
13285674
12435786
13245786
12436758
13427658
12436785
14326785
12436857
14326857
12436875
14326875
12437658
12543768
12437685
14327685
12437856
14327856
12437865
14327865
12438675
14328675
12456783
16784523
12457386
12584736
12457638
12546738
12457683
12465783
12458673
12465738
12465873
17654832
12467853
12486753
17835462
12475683
13876524
12478356
17365428
12485763
12574683
12567834
12567843
12573684
13725486
12574638
12647538
12576348
12657348
12576483
15387642
12576834
15476823
15476832
12586374
16748352
12586734
12586743
12678453
12784563
12684537
13674528
12684573
18356742
12685473
12748653
12685734
12758634
12687453
12768453
12687543
13465872
12748563
16845732
12756843
24567183
12768543
16745238
12785463
13567824
12846573
23157846
12854673
14386752
12865473
18654732
13258674
13426857
13427586
13276845
17658432
13426758
13427568
13426785
13428567
32417865
13426875
13428576
13427685
13428657
13427865
13428756
13452786
15673428
13456827
23457186
13457628
13786542
13457682
13546782
13457826
13876254
13457862
13876452
13458267
15762834
25643817
13468572
17853462
13472856
17348562
13475628
14382675
13476582
13654782
15768342
13476825
13782645
13476852
13576842
24586713
13478652
14387562
13485267
34172856
13485627
13875426
13485672
14856732
13486257
14837625
13486527
14865327
13486752
25678143
13487562
14875623
14875632
13528674
13754628
13542786
15764328
13546827
25876413
27658413
13547862
13548672
13548267
14527683
13548762
13654872
13562784
24813765
13568472
13745862
13568724
13856724
13568742
14857623
13576284
13657284
13582674
14683275
13584267
16437285
13587264
14627385
13587426
13847256
13587624
23461875
13642857
13724685
13647528
18463572
13648257
15738624
13658724
14356827
35781246
13672845
14583762
13674582
18453672
13674852
14786352
13675824
14568273
13678254
32718564
13678524
15672843
13682754
14857236
13684527
14672853
13684725
13852647
13687425
13768425
13726584
16374852
13745826
13865274
13746582
13754682
13762584
13764285
23571486
13765284
27156843
13765824
14576283
13768245
32485176
13768542
13825467
13784256
14872653
46718325
13784265
25147863
13784526
26138754
13785264
13875246
13785462
14837652
13786452
15346872
13826745
16574823
13826754
15764832
13827564
14675832
13827645
25678314
13842576
14756382
13842675
13842756
13845267
17648325
13845672
16758423
13846257
17483625
13846527
13854627
13847526
17483526
24168537
13847625
14758326
13856274
23648175
13856427
13864527
13857264
13864275
13865247
15387264
13867254
32617854
13867452
25678134
13872654
16548372
13875462
14865732
13875624
14653782
13876245
27854613
14356872
14567238
14567328
14358627
14562837
14358762
15436872
14367285
17548362
14367825
16853427
14368275
14752386
14368527
25137846
14368572
14375862
14376285
14573286
14376528
15674832
14376582
15437682
14376825
25418763
32618754
14378562
16754832
32481765
14385726
16478253
24156837
14386527
14853276
14386572
27856314
14527863
14783265
14537682
15347682
14538672
15347862
14567382
34281765
14567823
14567832
14568372
16854372
14568723
14568732
14576823
14576832
14657823
14657832
14578362
16387542
14578623
14578632
14583627
15842763
14586327
14826753
14586723
14586732
14587263
25178346
14632857
17584362
14653872
14657382
14657238
17645832
14658237
14658327
14658273
27143865
14658723
14658732
17654823
14672358
15784326
14675238
18645372
23461785
14687253
24168735
14687532
14768532
14738652
14835267
14756823
14756832
15746823
14762835
25176483
14763825
25843716
14768253
24578136
14768325
32618745
14782635
15748236
14782653
23658417
14786532
17456823
14832567
16584327
14836572
16374582
14853672
25318476
14862735
15738426
14862753
17463825
14865237
15762483
14867235
15483762
14867532
23457816
14872635
23684715
15347826
15683247
15348762
15672834
15362784
15384267
15378642
18465372
15382764
24183657
15386427
15836427
15386472
15748362
15436782
16543872
15463827
23485716
15467823
15467832
15468372
17384652
15468723
15468732
15473862
17635842
15482367
15487326
15487623
16548723
15638427
15748326
32618475
15638742
15834672
15642837
23578416
15672384
26783145
15678234
15678432
15687243
15687324
16578243
16578324
15687342
16578342
15687423
16578423
15746382
16475382
15762843
23657184
15768243
15768324
15782634
16748325
15786243
15786324
15834762
24518376
15836247
17358624
15837624
17356824
15846237
25164873
15862473
26148573
15863427
34172865
15864723
17468523
15867243
15867324
16758243
15867423
16783425
15873246
16583427
15873264
16478325
15876234
16784325
15876423
17658342
16354872
24165873
16435782
24856713
16435827
17534862
17548326
16438275
25138674
16458723
16458732
16473825
25164837
16478523
16854723
16538724
17435862
16573482
25647813
16574283
26435817
16578234
23176854
16587243
16587324
16587342
23165874
16783452
17845632
16783524
16784253
16785234
16785423
16785324
16873452
17683452
16834752
17483562
16845723
17485632
16857243
17586324
16873425
17568324
17438625
27163854
17453682
27134586
17458326
36178245
17634582
24358176
17684352
23458716
17685324
23186574
17834652
17843562
17863542
24137586
17864352
24138576
18345762
18435672
18346572
18354672
18354762
18436572
18654372
24876513
23145786
23154786
23156847
23158746
23156874
23165784
23167845
23167854
23168574
23175864
23168745
23176845
23416875
23418657
23417586
24317856
23471586
24187635
23478156
23478165
23478615
27813654
23481657
26781534
23481675
23481756
23485167
25478613
23486157
24876135
23487516
23876415
23516874
23517684
23548167
23815476
23548617
26875413
23571684
23571864
23584617
25138746
23587614
25687143
23618457
26158743
23618475
27841635
23641875
26431875
23648157
26418753
23671584
26713485
23675814
24378516
23678514
23856714
23681574
34175826
23684157
24718365
23685714
23857614
23687145
23781546
23715846
32648175
35781624
23718456
23814675
23814756
24561873
23718465
23718546
23764185
32851764
23768514
27816354
23781654
24387165
32781456
23785164
27138546
23785416
27834165
23786415
27831465
23786514
27816345
23814576
25687134
27814365
23814657
32876154
23815746
26857134
23815764
24538716
25876314
23816475
35218674
23816547
34812765
23816574
26758143
23817546
27186534
23841675
25178643
23841756
25168734
23851647
27163485
23851674
36518724
23856417
27843516
23857146
24875316
32861475
23861745
32785164
23867145
23871645
23867154
23871564
23867415
26187345
32471856
23871546
32687145
23875164
26874153
23875614
26587134
23876154
26781354
26781453
24163857
32715864
24168573
24186735
24176835
32578146
24178356
27165843
24178365
27134856
24187356
27851634
24317865
32418756
24361875
32461875
24365817
24568713
24368157
24813576
24368715
27861453
24371856
27831546
24376815
32481675
24378615
27861354
24386715
27861435
27861534
24537816
25348716
24561837
27543816
24573186
27163845
24581376
25843176
24586137
25718346
24586317
24671853
24587136
24867315
24617853
24618357
24618573
25183647
24637815
32571864
24658137
32578164
24671835
27185364
24678153
25317864
24681375
25837164
24681573
46281735
24683715
24853716
24685137
27315846
24687153
27851346
24713865
27154863
24716853
24731685
24751386
25846317
24751863
26318475
35718624
24768153
26158734
24781356
27165834
24786315
43718265
24816573
25761483
24816735
35721864
24836157
24861735
37581624
24836175
27581463
24837156
25718643
24851673
25783164
24853617
27146853
24863157
27485136
24871356
25481763
24871365
25817634
24871653
26137845
25168743
25176843
25186743
25173846
25374816
25176384
25614837
25178436
25417836
25184736
25736814
25184763
26145837
25186347
26538174
25187346
27615843
25187364
26584137
25318674
26354817
25318746
27134685
25348176
26178345
25348617
27864135
25381674
36187524
25381746
26813574
25387416
32751846
25418637
26387514
26738514
25468317
35178624
25476813
27856413
25478163
25478316
25481673
26581437
27613845
25486137
25873146
26813475
25486317
32758146
25487136
25871643
25618734
32761845
25648713
26178543
26458713
25683417
26537814
25684317
34728165
25713864
36258174
25716483
35718426
25731486
26185374
25731684
27358164
25731864
27368415
25738146
27461835
25748316
35728164
25761834
26718435
25763184
27354816
25764813
26574813
27168534
25784136
27413856
25813674
27418563
25816743
34817625
25843617
27518643
25861473
26381475
26381574
26184573
32857146
26187453
26187534
26351874
42618735
26371854
27438615
26378514
26851734
26437815
26538714
26471853
27385164
26481573
35714826
26487135
35172846
36218574
26578134
27816534
26584713
26845713
26714385
36187254
26714583
27614385
26715384
35287146
26734815
26743815
26758134
27586143
26783154
27654183
26813754
27365814
26814573
34816275
26814753
26847135
26847315
26841753
27415863
26854137
32857164
32861574
26854173
37156824
26857314
27586314
26871534
27681534
26873145
27683145
26873154
27683154
26873415
27683415
27843165
27148536
27536814
27156384
27385614
35148726
27158634
27853614
27164583
27843615
27184356
27184365
27381456
32681754
27386514
27648135
27458613
27486513
27461853
37481625
27541863
34815726
27581346
35287164
27586134
34182675
27681543
27815436
27683514
32875164
27813465
27814563
27851436
34158726
32478165
34278156
32678154
32781564
32817465
32817546
34761825
36751824
34781625
42781365
35168724
35176824
35278164
42781635
35286174
37168425
36178425
36821574
36278145
36278154
